Running benchmark for /home/pei/Project/benchmarks/imdb_job-postgres/queries/10a.sql...
0.000, 0.114, 0.636, 0.659, 1115.511, 0.037, 0.096, 0.000, 648.710, 0.096, 0.070, 15.168, 0.163, 1.123, 6065.082, 0.062, 0.042, 1.323, 0.062, 0.174, 5.338, 0.028, 0.026, 72.535, 0.113, 0.315, 1585.959, 0.119, 0.076, 1.422, 0.107, 0.274, 3.710, 0.087, 0.049, 0.027, 0.000, 413.651, 0.049
8.084, 0.013, 0.000, 0.000, 0.000, 0.000, 0.000, 0.000, 68.412, 0.000, 0.000, 0.000, 0.000, 0.000, 1182.780, 0.000, 0.000, 0.000, 0.000, 0.000, 3.167, 0.000, 0.000, 0.000, 0.000, 0.000, 1.855, 0.000, 0.000, 0.000, 0.000, 0.000, 0.762, 0.000, 0.000, 0.000, 0.000, 0.651, 0.024
8.238, 0.014, 0.000, 0.000, 0.000, 0.000, 0.000, 0.000, 76.642, 0.000, 0.000, 0.000, 0.000, 0.000, 1172.849, 0.000, 0.000, 0.000, 0.000, 0.000, 2.967, 0.000, 0.000, 0.000, 0.000, 0.000, 1.841, 0.000, 0.000, 0.000, 0.000, 0.000, 0.799, 0.000, 0.000, 0.000, 0.000, 0.652, 0.023
8.183, 0.014, 0.000, 0.000, 0.000, 0.000, 0.000, 0.000, 81.233, 0.000, 0.000, 0.000, 0.000, 0.000, 1171.902, 0.000, 0.000, 0.000, 0.000, 0.000, 2.953, 0.000, 0.000, 0.000, 0.000, 0.000, 1.734, 0.000, 0.000, 0.000, 0.000, 0.000, 0.780, 0.000, 0.000, 0.000, 0.000, 0.643, 0.024
8.278, 0.013, 0.000, 0.000, 0.000, 0.000, 0.000, 0.000, 81.778, 0.000, 0.000, 0.000, 0.000, 0.000, 1186.186, 0.000, 0.000, 0.000, 0.000, 0.000, 3.158, 0.000, 0.000, 0.000, 0.000, 0.000, 1.871, 0.000, 0.000, 0.000, 0.000, 0.000, 0.829, 0.000, 0.000, 0.000, 0.000, 0.647, 0.040
8.227, 0.014, 0.000, 0.000, 0.000, 0.000, 0.000, 0.000, 68.162, 0.000, 0.000, 0.000, 0.000, 0.000, 1173.926, 0.000, 0.000, 0.000, 0.000, 0.000, 3.145, 0.000, 0.000, 0.000, 0.000, 0.000, 1.759, 0.000, 0.000, 0.000, 0.000, 0.000, 0.814, 0.000, 0.000, 0.000, 0.000, 0.658, 0.023
8.189, 0.027, 0.000, 0.000, 0.000, 0.000, 0.000, 0.000, 68.845, 0.000, 0.000, 0.000, 0.000, 0.000, 1171.786, 0.000, 0.000, 0.000, 0.000, 0.000, 2.935, 0.000, 0.000, 0.000, 0.000, 0.000, 1.806, 0.000, 0.000, 0.000, 0.000, 0.000, 0.782, 0.000, 0.000, 0.000, 0.000, 0.660, 0.024
8.144, 0.013, 0.000, 0.000, 0.000, 0.000, 0.000, 0.000, 78.068, 0.000, 0.000, 0.000, 0.000, 0.000, 1180.738, 0.000, 0.000, 0.000, 0.000, 0.000, 2.926, 0.000, 0.000, 0.000, 0.000, 0.000, 1.783, 0.000, 0.000, 0.000, 0.000, 0.000, 0.777, 0.000, 0.000, 0.000, 0.000, 0.650, 0.023
Running benchmark for /home/pei/Project/benchmarks/imdb_job-postgres/queries/10b.sql...
62.794, 0.000, 0.000, 0.000, 0.000, 0.033, 0.103, 0.000, 83.607, 0.037, 0.029, 0.474, 0.022, 0.286, 1167.506, 0.070, 0.026, 0.582, 0.040, 0.115, 0.794, 0.015, 0.013, 0.007, 0.146, 0.193, 0.007
7.031, 0.014, 0.000, 0.000, 0.000, 0.000, 0.000, 0.000, 69.699, 0.000, 0.000, 0.000, 0.000, 0.000, 1156.390, 0.000, 0.000, 0.000, 0.000, 0.000, 1.034, 0.000, 0.000, 0.000, 0.000, 0.283, 0.013
7.012, 0.013, 0.000, 0.000, 0.000, 0.000, 0.000, 0.000, 75.658, 0.000, 0.000, 0.000, 0.000, 0.000, 1145.172, 0.000, 0.000, 0.000, 0.000, 0.000, 1.035, 0.000, 0.000, 0.000, 0.000, 0.237, 0.011
7.068, 0.013, 0.000, 0.000, 0.000, 0.000, 0.000, 0.000, 68.133, 0.000, 0.000, 0.000, 0.000, 0.000, 1148.356, 0.000, 0.000, 0.000, 0.000, 0.000, 1.128, 0.000, 0.000, 0.000, 0.000, 0.278, 0.026
7.156, 0.013, 0.000, 0.000, 0.000, 0.000, 0.000, 0.000, 72.180, 0.000, 0.000, 0.000, 0.000, 0.000, 1147.842, 0.000, 0.000, 0.000, 0.000, 0.000, 1.087, 0.000, 0.000, 0.000, 0.000, 0.243, 0.011
7.255, 0.013, 0.000, 0.000, 0.000, 0.000, 0.000, 0.000, 73.645, 0.000, 0.000, 0.000, 0.000, 0.000, 1143.944, 0.000, 0.000, 0.000, 0.000, 0.000, 1.032, 0.000, 0.000, 0.000, 0.000, 0.280, 0.026
6.994, 0.013, 0.000, 0.000, 0.000, 0.000, 0.000, 0.000, 68.639, 0.000, 0.000, 0.000, 0.000, 0.000, 1146.611, 0.000, 0.000, 0.000, 0.000, 0.000, 1.121, 0.000, 0.000, 0.000, 0.000, 0.263, 0.014
7.017, 0.013, 0.000, 0.000, 0.000, 0.000, 0.000, 0.000, 77.438, 0.000, 0.000, 0.000, 0.000, 0.000, 1143.306, 0.000, 0.000, 0.000, 0.000, 0.000, 1.052, 0.000, 0.000, 0.000, 0.000, 0.256, 0.026
Running benchmark for /home/pei/Project/benchmarks/imdb_job-postgres/queries/10c.sql...
2.768, 0.000, 0.000, 0.000, 0.000, 0.006, 0.018, 0.000, 408.657, 0.035, 0.029, 20.484, 0.055, 0.195, 902.467, 0.037, 0.024, 0.009, 0.000, 9268.386, 0.021
3.036, 0.013, 0.000, 0.000, 0.000, 0.000, 0.000, 0.000, 400.600, 0.000, 0.000, 0.000, 0.000, 0.000, 780.205, 0.000, 0.000, 0.000, 0.000, 768.229, 0.012
2.872, 0.013, 0.000, 0.000, 0.000, 0.000, 0.000, 0.000, 414.280, 0.000, 0.000, 0.000, 0.000, 0.000, 786.446, 0.000, 0.000, 0.000, 0.000, 953.671, 0.011
3.033, 0.013, 0.000, 0.000, 0.000, 0.000, 0.000, 0.000, 404.873, 0.000, 0.000, 0.000, 0.000, 0.000, 779.091, 0.000, 0.000, 0.000, 0.000, 769.040, 0.011
2.970, 0.013, 0.000, 0.000, 0.000, 0.000, 0.000, 0.000, 402.549, 0.000, 0.000, 0.000, 0.000, 0.000, 784.248, 0.000, 0.000, 0.000, 0.000, 770.803, 0.015
2.951, 0.012, 0.000, 0.000, 0.000, 0.000, 0.000, 0.000, 800.117, 0.000, 0.000, 0.000, 0.000, 0.000, 790.219, 0.000, 0.000, 0.000, 0.000, 810.944, 0.011
2.937, 0.012, 0.000, 0.000, 0.000, 0.000, 0.000, 0.000, 396.719, 0.000, 0.000, 0.000, 0.000, 0.000, 782.795, 0.000, 0.000, 0.000, 0.000, 946.048, 0.024
2.909, 0.012, 0.000, 0.000, 0.000, 0.000, 0.000, 0.000, 401.299, 0.000, 0.000, 0.000, 0.000, 0.000, 778.481, 0.000, 0.000, 0.000, 0.000, 804.452, 0.013
Running benchmark for /home/pei/Project/benchmarks/imdb_job-postgres/queries/11a.sql...
7.321, 0.000, 0.000, 0.000, 0.000, 0.038, 0.108, 0.000, 13.552, 0.107, 0.106, 1.857, 0.165, 1.845, 1875.415, 0.124, 0.116, 0.036, 0.000, 86.197, 0.025
4.484, 0.014, 0.000, 0.000, 0.000, 0.000, 0.000, 0.000, 2.702, 0.000, 0.000, 0.000, 0.000, 0.000, 12.910, 0.000, 0.000, 0.000, 0.000, 7.363, 0.012
4.339, 0.013, 0.000, 0.000, 0.000, 0.000, 0.000, 0.000, 2.484, 0.000, 0.000, 0.000, 0.000, 0.000, 12.752, 0.000, 0.000, 0.000, 0.000, 7.429, 0.024
4.565, 0.014, 0.000, 0.000, 0.000, 0.000, 0.000, 0.000, 2.700, 0.000, 0.000, 0.000, 0.000, 0.000, 13.027, 0.000, 0.000, 0.000, 0.000, 7.231, 0.013
4.653, 0.014, 0.000, 0.000, 0.000, 0.000, 0.000, 0.000, 2.647, 0.000, 0.000, 0.000, 0.000, 0.000, 12.892, 0.000, 0.000, 0.000, 0.000, 7.379, 0.012
4.593, 0.013, 0.000, 0.000, 0.000, 0.000, 0.000, 0.000, 2.570, 0.000, 0.000, 0.000, 0.000, 0.000, 12.566, 0.000, 0.000, 0.000, 0.000, 7.301, 0.012
4.534, 0.013, 0.000, 0.000, 0.000, 0.000, 0.000, 0.000, 2.749, 0.000, 0.000, 0.000, 0.000, 0.000, 12.593, 0.000, 0.000, 0.000, 0.000, 7.300, 0.011
4.612, 0.013, 0.000, 0.000, 0.000, 0.000, 0.000, 0.000, 2.861, 0.000, 0.000, 0.000, 0.000, 0.000, 12.525, 0.000, 0.000, 0.000, 0.000, 7.140, 0.012
Running benchmark for /home/pei/Project/benchmarks/imdb_job-postgres/queries/11b.sql...
6.605, 0.000, 0.000, 0.000, 0.000, 0.018, 0.044, 0.000, 965.193, 0.038, 0.034, 0.689, 0.022, 0.211, 0.667, 0.018, 0.017, 0.344, 0.029, 0.227, 0.940, 0.017, 0.016, 0.007, 0.000, 0.951, 0.008
3.529, 0.014, 0.000, 0.000, 0.000, 0.000, 0.000, 0.000, 478.279, 0.000, 0.000, 0.000, 0.000, 0.000, 0.862, 0.000, 0.000, 0.000, 0.000, 0.000, 1.116, 0.000, 0.000, 0.000, 0.000, 0.369, 0.011
3.495, 0.014, 0.000, 0.000, 0.000, 0.000, 0.000, 0.000, 483.917, 0.000, 0.000, 0.000, 0.000, 0.000, 0.901, 0.000, 0.000, 0.000, 0.000, 0.000, 1.104, 0.000, 0.000, 0.000, 0.000, 0.352, 0.026
3.464, 0.014, 0.000, 0.000, 0.000, 0.000, 0.000, 0.000, 469.171, 0.000, 0.000, 0.000, 0.000, 0.000, 0.855, 0.000, 0.000, 0.000, 0.000, 0.000, 1.200, 0.000, 0.000, 0.000, 0.000, 0.404, 0.027
3.643, 0.014, 0.000, 0.000, 0.000, 0.000, 0.000, 0.000, 483.718, 0.000, 0.000, 0.000, 0.000, 0.000, 0.891, 0.000, 0.000, 0.000, 0.000, 0.000, 1.131, 0.000, 0.000, 0.000, 0.000, 0.355, 0.011
3.553, 0.014, 0.000, 0.000, 0.000, 0.000, 0.000, 0.000, 481.662, 0.000, 0.000, 0.000, 0.000, 0.000, 0.959, 0.000, 0.000, 0.000, 0.000, 0.000, 1.141, 0.000, 0.000, 0.000, 0.000, 0.398, 0.012
3.539, 0.013, 0.000, 0.000, 0.000, 0.000, 0.000, 0.000, 469.307, 0.000, 0.000, 0.000, 0.000, 0.000, 0.883, 0.000, 0.000, 0.000, 0.000, 0.000, 1.230, 0.000, 0.000, 0.000, 0.000, 0.406, 0.026
3.473, 0.014, 0.000, 0.000, 0.000, 0.000, 0.000, 0.000, 468.092, 0.000, 0.000, 0.000, 0.000, 0.000, 0.904, 0.000, 0.000, 0.000, 0.000, 0.000, 1.120, 0.000, 0.000, 0.000, 0.000, 0.401, 0.026
Running benchmark for /home/pei/Project/benchmarks/imdb_job-postgres/queries/11c.sql...
6.666, 0.000, 0.000, 0.000, 0.000, 0.010, 0.019, 0.000, 115.770, 0.040, 0.037, 0.784, 0.025, 0.260, 35.561, 0.029, 0.030, 0.639, 0.025, 0.127, 13.237, 0.021, 0.020, 0.383, 0.036, 0.133, 16.341, 0.030, 0.017, 0.315, 0.035, 0.095, 14.680, 0.034, 0.017, 0.009, 0.000, 191.609, 0.012
6.882, 0.014, 0.000, 0.000, 0.000, 0.000, 0.000, 0.000, 113.878, 0.000, 0.000, 0.000, 0.000, 0.000, 31.950, 0.000, 0.000, 0.000, 0.000, 0.000, 13.623, 0.000, 0.000, 0.000, 0.000, 0.000, 16.762, 0.000, 0.000, 0.000, 0.000, 0.000, 14.542, 0.000, 0.000, 0.000, 0.000, 77.012, 0.026
6.707, 0.013, 0.000, 0.000, 0.000, 0.000, 0.000, 0.000, 115.288, 0.000, 0.000, 0.000, 0.000, 0.000, 31.815, 0.000, 0.000, 0.000, 0.000, 0.000, 13.401, 0.000, 0.000, 0.000, 0.000, 0.000, 16.616, 0.000, 0.000, 0.000, 0.000, 0.000, 14.635, 0.000, 0.000, 0.000, 0.000, 80.382, 0.028
6.715, 0.013, 0.000, 0.000, 0.000, 0.000, 0.000, 0.000, 115.068, 0.000, 0.000, 0.000, 0.000, 0.000, 31.910, 0.000, 0.000, 0.000, 0.000, 0.000, 13.637, 0.000, 0.000, 0.000, 0.000, 0.000, 16.576, 0.000, 0.000, 0.000, 0.000, 0.000, 14.607, 0.000, 0.000, 0.000, 0.000, 78.552, 0.026
6.734, 0.014, 0.000, 0.000, 0.000, 0.000, 0.000, 0.000, 114.995, 0.000, 0.000, 0.000, 0.000, 0.000, 32.011, 0.000, 0.000, 0.000, 0.000, 0.000, 13.546, 0.000, 0.000, 0.000, 0.000, 0.000, 16.488, 0.000, 0.000, 0.000, 0.000, 0.000, 14.611, 0.000, 0.000, 0.000, 0.000, 76.753, 0.012
6.716, 0.013, 0.000, 0.000, 0.000, 0.000, 0.000, 0.000, 114.643, 0.000, 0.000, 0.000, 0.000, 0.000, 31.888, 0.000, 0.000, 0.000, 0.000, 0.000, 13.410, 0.000, 0.000, 0.000, 0.000, 0.000, 16.509, 0.000, 0.000, 0.000, 0.000, 0.000, 14.605, 0.000, 0.000, 0.000, 0.000, 80.240, 0.023
6.758, 0.013, 0.000, 0.000, 0.000, 0.000, 0.000, 0.000, 116.377, 0.000, 0.000, 0.000, 0.000, 0.000, 31.407, 0.000, 0.000, 0.000, 0.000, 0.000, 13.479, 0.000, 0.000, 0.000, 0.000, 0.000, 16.625, 0.000, 0.000, 0.000, 0.000, 0.000, 14.721, 0.000, 0.000, 0.000, 0.000, 80.407, 0.026
6.640, 0.013, 0.000, 0.000, 0.000, 0.000, 0.000, 0.000, 115.278, 0.000, 0.000, 0.000, 0.000, 0.000, 31.426, 0.000, 0.000, 0.000, 0.000, 0.000, 13.287, 0.000, 0.000, 0.000, 0.000, 0.000, 16.519, 0.000, 0.000, 0.000, 0.000, 0.000, 14.607, 0.000, 0.000, 0.000, 0.000, 76.033, 0.025
Running benchmark for /home/pei/Project/benchmarks/imdb_job-postgres/queries/11d.sql...
11.113, 0.000, 0.000, 0.000, 0.000, 0.009, 0.019, 0.000, 114.626, 0.040, 0.036, 0.741, 0.023, 0.225, 114.963, 0.037, 0.030, 0.724, 0.038, 0.144, 97.017, 0.039, 0.030, 0.469, 0.023, 0.150, 125.512, 0.036, 0.030, 0.429, 0.035, 0.131, 106.783, 0.039, 0.026, 0.012, 0.000, 113.165, 0.012
11.178, 0.014, 0.000, 0.000, 0.000, 0.000, 0.000, 0.000, 114.065, 0.000, 0.000, 0.000, 0.000, 0.000, 114.045, 0.000, 0.000, 0.000, 0.000, 0.000, 97.148, 0.000, 0.000, 0.000, 0.000, 0.000, 126.641, 0.000, 0.000, 0.000, 0.000, 0.000, 107.772, 0.000, 0.000, 0.000, 0.000, 59.194, 0.028
11.200, 0.013, 0.000, 0.000, 0.000, 0.000, 0.000, 0.000, 113.504, 0.000, 0.000, 0.000, 0.000, 0.000, 114.522, 0.000, 0.000, 0.000, 0.000, 0.000, 95.737, 0.000, 0.000, 0.000, 0.000, 0.000, 127.572, 0.000, 0.000, 0.000, 0.000, 0.000, 106.162, 0.000, 0.000, 0.000, 0.000, 83.949, 0.011
11.064, 0.013, 0.000, 0.000, 0.000, 0.000, 0.000, 0.000, 114.640, 0.000, 0.000, 0.000, 0.000, 0.000, 114.040, 0.000, 0.000, 0.000, 0.000, 0.000, 96.834, 0.000, 0.000, 0.000, 0.000, 0.000, 125.691, 0.000, 0.000, 0.000, 0.000, 0.000, 105.689, 0.000, 0.000, 0.000, 0.000, 64.236, 0.027
11.325, 0.013, 0.000, 0.000, 0.000, 0.000, 0.000, 0.000, 113.526, 0.000, 0.000, 0.000, 0.000, 0.000, 114.606, 0.000, 0.000, 0.000, 0.000, 0.000, 95.425, 0.000, 0.000, 0.000, 0.000, 0.000, 124.690, 0.000, 0.000, 0.000, 0.000, 0.000, 106.585, 0.000, 0.000, 0.000, 0.000, 59.889, 0.025
11.411, 0.013, 0.000, 0.000, 0.000, 0.000, 0.000, 0.000, 112.684, 0.000, 0.000, 0.000, 0.000, 0.000, 115.069, 0.000, 0.000, 0.000, 0.000, 0.000, 96.313, 0.000, 0.000, 0.000, 0.000, 0.000, 125.071, 0.000, 0.000, 0.000, 0.000, 0.000, 105.996, 0.000, 0.000, 0.000, 0.000, 66.087, 0.012
11.224, 0.014, 0.000, 0.000, 0.000, 0.000, 0.000, 0.000, 115.357, 0.000, 0.000, 0.000, 0.000, 0.000, 114.804, 0.000, 0.000, 0.000, 0.000, 0.000, 96.190, 0.000, 0.000, 0.000, 0.000, 0.000, 125.916, 0.000, 0.000, 0.000, 0.000, 0.000, 107.348, 0.000, 0.000, 0.000, 0.000, 63.256, 0.011
11.049, 0.013, 0.000, 0.000, 0.000, 0.000, 0.000, 0.000, 113.998, 0.000, 0.000, 0.000, 0.000, 0.000, 115.647, 0.000, 0.000, 0.000, 0.000, 0.000, 96.343, 0.000, 0.000, 0.000, 0.000, 0.000, 125.179, 0.000, 0.000, 0.000, 0.000, 0.000, 105.704, 0.000, 0.000, 0.000, 0.000, 77.436, 0.027
Running benchmark for /home/pei/Project/benchmarks/imdb_job-postgres/queries/12a.sql...
11.105, 0.000, 0.000, 0.000, 0.000, 0.042, 0.111, 0.000, 526.153, 0.041, 0.035, 0.358, 0.020, 0.231, 71.957, 0.040, 0.030, 0.712, 0.028, 0.172, 181.073, 0.031, 0.030, 0.355, 0.022, 0.137, 104.788, 0.035, 0.022, 0.369, 0.035, 0.127, 12.591, 0.018, 0.026, 0.008, 0.000, 643.894, 0.015
11.596, 0.014, 0.000, 0.000, 0.000, 0.000, 0.000, 0.000, 481.311, 0.000, 0.000, 0.000, 0.000, 0.000, 64.538, 0.000, 0.000, 0.000, 0.000, 0.000, 183.330, 0.000, 0.000, 0.000, 0.000, 0.000, 102.051, 0.000, 0.000, 0.000, 0.000, 0.000, 12.820, 0.000, 0.000, 0.000, 0.000, 159.142, 0.014
11.533, 0.013, 0.000, 0.000, 0.000, 0.000, 0.000, 0.000, 483.613, 0.000, 0.000, 0.000, 0.000, 0.000, 65.357, 0.000, 0.000, 0.000, 0.000, 0.000, 173.863, 0.000, 0.000, 0.000, 0.000, 0.000, 103.037, 0.000, 0.000, 0.000, 0.000, 0.000, 12.806, 0.000, 0.000, 0.000, 0.000, 158.961, 0.011
11.575, 0.014, 0.000, 0.000, 0.000, 0.000, 0.000, 0.000, 486.842, 0.000, 0.000, 0.000, 0.000, 0.000, 66.386, 0.000, 0.000, 0.000, 0.000, 0.000, 181.835, 0.000, 0.000, 0.000, 0.000, 0.000, 101.359, 0.000, 0.000, 0.000, 0.000, 0.000, 12.707, 0.000, 0.000, 0.000, 0.000, 157.396, 0.011
11.868, 0.014, 0.000, 0.000, 0.000, 0.000, 0.000, 0.000, 488.571, 0.000, 0.000, 0.000, 0.000, 0.000, 65.710, 0.000, 0.000, 0.000, 0.000, 0.000, 185.692, 0.000, 0.000, 0.000, 0.000, 0.000, 101.747, 0.000, 0.000, 0.000, 0.000, 0.000, 12.920, 0.000, 0.000, 0.000, 0.000, 160.011, 0.026
11.580, 0.013, 0.000, 0.000, 0.000, 0.000, 0.000, 0.000, 481.840, 0.000, 0.000, 0.000, 0.000, 0.000, 67.373, 0.000, 0.000, 0.000, 0.000, 0.000, 170.609, 0.000, 0.000, 0.000, 0.000, 0.000, 100.936, 0.000, 0.000, 0.000, 0.000, 0.000, 12.991, 0.000, 0.000, 0.000, 0.000, 158.402, 0.033
11.585, 0.014, 0.000, 0.000, 0.000, 0.000, 0.000, 0.000, 482.935, 0.000, 0.000, 0.000, 0.000, 0.000, 69.313, 0.000, 0.000, 0.000, 0.000, 0.000, 171.224, 0.000, 0.000, 0.000, 0.000, 0.000, 100.861, 0.000, 0.000, 0.000, 0.000, 0.000, 12.700, 0.000, 0.000, 0.000, 0.000, 161.192, 0.026
11.523, 0.013, 0.000, 0.000, 0.000, 0.000, 0.000, 0.000, 481.376, 0.000, 0.000, 0.000, 0.000, 0.000, 64.390, 0.000, 0.000, 0.000, 0.000, 0.000, 173.725, 0.000, 0.000, 0.000, 0.000, 0.000, 100.708, 0.000, 0.000, 0.000, 0.000, 0.000, 12.813, 0.000, 0.000, 0.000, 0.000, 156.569, 0.012
Running benchmark for /home/pei/Project/benchmarks/imdb_job-postgres/queries/12b.sql...
12.033, 0.000, 0.000, 0.000, 0.000, 0.006, 0.018, 0.000, 396.659, 0.039, 0.046, 0.368, 0.018, 0.205, 33.124, 0.034, 0.029, 0.688, 0.029, 0.179, 0.773, 0.017, 0.016, 0.284, 0.035, 0.096, 62.547, 0.018, 0.015, 0.305, 0.021, 0.131, 0.673, 0.018, 0.012, 0.032, 0.000, 201.067, 0.048
11.842, 0.014, 0.000, 0.000, 0.000, 0.000, 0.000, 0.000, 395.221, 0.000, 0.000, 0.000, 0.000, 0.000, 33.384, 0.000, 0.000, 0.000, 0.000, 0.000, 1.018, 0.000, 0.000, 0.000, 0.000, 0.000, 63.519, 0.000, 0.000, 0.000, 0.000, 0.000, 0.764, 0.000, 0.000, 0.000, 0.000, 0.538, 0.025
11.916, 0.013, 0.000, 0.000, 0.000, 0.000, 0.000, 0.000, 402.641, 0.000, 0.000, 0.000, 0.000, 0.000, 33.348, 0.000, 0.000, 0.000, 0.000, 0.000, 0.995, 0.000, 0.000, 0.000, 0.000, 0.000, 64.006, 0.000, 0.000, 0.000, 0.000, 0.000, 0.782, 0.000, 0.000, 0.000, 0.000, 0.551, 0.026
11.968, 0.013, 0.000, 0.000, 0.000, 0.000, 0.000, 0.000, 405.456, 0.000, 0.000, 0.000, 0.000, 0.000, 33.235, 0.000, 0.000, 0.000, 0.000, 0.000, 0.995, 0.000, 0.000, 0.000, 0.000, 0.000, 62.811, 0.000, 0.000, 0.000, 0.000, 0.000, 0.731, 0.000, 0.000, 0.000, 0.000, 0.557, 0.011
12.117, 0.014, 0.000, 0.000, 0.000, 0.000, 0.000, 0.000, 399.677, 0.000, 0.000, 0.000, 0.000, 0.000, 33.389, 0.000, 0.000, 0.000, 0.000, 0.000, 1.007, 0.000, 0.000, 0.000, 0.000, 0.000, 64.146, 0.000, 0.000, 0.000, 0.000, 0.000, 0.757, 0.000, 0.000, 0.000, 0.000, 0.547, 0.011
11.800, 0.014, 0.000, 0.000, 0.000, 0.000, 0.000, 0.000, 401.971, 0.000, 0.000, 0.000, 0.000, 0.000, 33.318, 0.000, 0.000, 0.000, 0.000, 0.000, 1.007, 0.000, 0.000, 0.000, 0.000, 0.000, 62.548, 0.000, 0.000, 0.000, 0.000, 0.000, 0.757, 0.000, 0.000, 0.000, 0.000, 0.551, 0.010
11.923, 0.013, 0.000, 0.000, 0.000, 0.000, 0.000, 0.000, 396.172, 0.000, 0.000, 0.000, 0.000, 0.000, 33.196, 0.000, 0.000, 0.000, 0.000, 0.000, 1.020, 0.000, 0.000, 0.000, 0.000, 0.000, 62.995, 0.000, 0.000, 0.000, 0.000, 0.000, 0.811, 0.000, 0.000, 0.000, 0.000, 0.540, 0.025
11.722, 0.014, 0.000, 0.000, 0.000, 0.000, 0.000, 0.000, 393.931, 0.000, 0.000, 0.000, 0.000, 0.000, 32.882, 0.000, 0.000, 0.000, 0.000, 0.000, 0.949, 0.000, 0.000, 0.000, 0.000, 0.000, 63.085, 0.000, 0.000, 0.000, 0.000, 0.000, 0.733, 0.000, 0.000, 0.000, 0.000, 0.547, 0.026
Running benchmark for /home/pei/Project/benchmarks/imdb_job-postgres/queries/12c.sql...
30.754, 0.000, 0.000, 0.000, 0.000, 0.039, 0.108, 0.000, 504.482, 0.039, 0.037, 0.363, 0.020, 0.227, 85.396, 0.049, 0.031, 0.722, 0.042, 0.142, 280.307, 0.036, 0.030, 0.404, 0.036, 0.129, 203.695, 0.036, 0.028, 0.433, 0.036, 0.138, 89.311, 0.038, 0.037, 0.013, 0.000, 188.231, 0.014
8.794, 0.014, 0.000, 0.000, 0.000, 0.000, 0.000, 0.000, 482.612, 0.000, 0.000, 0.000, 0.000, 0.000, 86.697, 0.000, 0.000, 0.000, 0.000, 0.000, 282.673, 0.000, 0.000, 0.000, 0.000, 0.000, 198.292, 0.000, 0.000, 0.000, 0.000, 0.000, 89.733, 0.000, 0.000, 0.000, 0.000, 185.716, 0.026
8.803, 0.013, 0.000, 0.000, 0.000, 0.000, 0.000, 0.000, 488.248, 0.000, 0.000, 0.000, 0.000, 0.000, 85.758, 0.000, 0.000, 0.000, 0.000, 0.000, 284.109, 0.000, 0.000, 0.000, 0.000, 0.000, 199.841, 0.000, 0.000, 0.000, 0.000, 0.000, 89.434, 0.000, 0.000, 0.000, 0.000, 179.029, 0.026
8.705, 0.014, 0.000, 0.000, 0.000, 0.000, 0.000, 0.000, 485.139, 0.000, 0.000, 0.000, 0.000, 0.000, 85.977, 0.000, 0.000, 0.000, 0.000, 0.000, 282.115, 0.000, 0.000, 0.000, 0.000, 0.000, 200.996, 0.000, 0.000, 0.000, 0.000, 0.000, 88.803, 0.000, 0.000, 0.000, 0.000, 183.475, 0.027
9.155, 0.013, 0.000, 0.000, 0.000, 0.000, 0.000, 0.000, 493.011, 0.000, 0.000, 0.000, 0.000, 0.000, 87.689, 0.000, 0.000, 0.000, 0.000, 0.000, 282.506, 0.000, 0.000, 0.000, 0.000, 0.000, 199.842, 0.000, 0.000, 0.000, 0.000, 0.000, 89.639, 0.000, 0.000, 0.000, 0.000, 184.944, 0.026
8.894, 0.014, 0.000, 0.000, 0.000, 0.000, 0.000, 0.000, 481.903, 0.000, 0.000, 0.000, 0.000, 0.000, 85.709, 0.000, 0.000, 0.000, 0.000, 0.000, 277.891, 0.000, 0.000, 0.000, 0.000, 0.000, 200.783, 0.000, 0.000, 0.000, 0.000, 0.000, 90.219, 0.000, 0.000, 0.000, 0.000, 184.984, 0.013
8.805, 0.014, 0.000, 0.000, 0.000, 0.000, 0.000, 0.000, 487.279, 0.000, 0.000, 0.000, 0.000, 0.000, 86.894, 0.000, 0.000, 0.000, 0.000, 0.000, 290.685, 0.000, 0.000, 0.000, 0.000, 0.000, 206.277, 0.000, 0.000, 0.000, 0.000, 0.000, 88.785, 0.000, 0.000, 0.000, 0.000, 186.225, 0.026
8.783, 0.013, 0.000, 0.000, 0.000, 0.000, 0.000, 0.000, 486.328, 0.000, 0.000, 0.000, 0.000, 0.000, 85.883, 0.000, 0.000, 0.000, 0.000, 0.000, 280.825, 0.000, 0.000, 0.000, 0.000, 0.000, 204.668, 0.000, 0.000, 0.000, 0.000, 0.000, 90.668, 0.000, 0.000, 0.000, 0.000, 181.612, 0.026
Running benchmark for /home/pei/Project/benchmarks/imdb_job-postgres/queries/13a.sql...
12.074, 0.000, 0.000, 0.000, 0.000, 0.008, 0.024, 0.000, 106.879, 0.038, 0.034, 0.383, 0.019, 0.206, 107.427, 0.040, 0.031, 0.678, 0.027, 0.131, 103.468, 0.048, 0.032, 0.403, 0.036, 0.126, 29.671, 0.032, 0.019, 0.354, 0.035, 0.109, 114.095, 0.035, 0.028, 0.423, 0.021, 0.156, 32.549, 0.020, 0.016, 0.008, 0.000, 1876.710, 0.013
13.047, 0.015, 0.000, 0.000, 0.000, 0.000, 0.000, 0.000, 94.725, 0.000, 0.000, 0.000, 0.000, 0.000, 695.570, 0.000, 0.000, 0.000, 0.000, 0.000, 106.015, 0.000, 0.000, 0.000, 0.000, 0.000, 31.345, 0.000, 0.000, 0.000, 0.000, 0.000, 113.630, 0.000, 0.000, 0.000, 0.000, 0.000, 31.726, 0.000, 0.000, 0.000, 0.000, 349.195, 0.011
12.319, 0.013, 0.000, 0.000, 0.000, 0.000, 0.000, 0.000, 96.718, 0.000, 0.000, 0.000, 0.000, 0.000, 107.711, 0.000, 0.000, 0.000, 0.000, 0.000, 101.425, 0.000, 0.000, 0.000, 0.000, 0.000, 30.561, 0.000, 0.000, 0.000, 0.000, 0.000, 111.669, 0.000, 0.000, 0.000, 0.000, 0.000, 31.721, 0.000, 0.000, 0.000, 0.000, 342.938, 0.010
12.410, 0.013, 0.000, 0.000, 0.000, 0.000, 0.000, 0.000, 103.780, 0.000, 0.000, 0.000, 0.000, 0.000, 108.961, 0.000, 0.000, 0.000, 0.000, 0.000, 101.050, 0.000, 0.000, 0.000, 0.000, 0.000, 30.479, 0.000, 0.000, 0.000, 0.000, 0.000, 112.759, 0.000, 0.000, 0.000, 0.000, 0.000, 32.010, 0.000, 0.000, 0.000, 0.000, 338.296, 0.011
12.457, 0.014, 0.000, 0.000, 0.000, 0.000, 0.000, 0.000, 108.538, 0.000, 0.000, 0.000, 0.000, 0.000, 108.827, 0.000, 0.000, 0.000, 0.000, 0.000, 105.003, 0.000, 0.000, 0.000, 0.000, 0.000, 30.405, 0.000, 0.000, 0.000, 0.000, 0.000, 113.356, 0.000, 0.000, 0.000, 0.000, 0.000, 31.978, 0.000, 0.000, 0.000, 0.000, 338.031, 0.015
12.311, 0.013, 0.000, 0.000, 0.000, 0.000, 0.000, 0.000, 94.952, 0.000, 0.000, 0.000, 0.000, 0.000, 109.343, 0.000, 0.000, 0.000, 0.000, 0.000, 103.832, 0.000, 0.000, 0.000, 0.000, 0.000, 30.448, 0.000, 0.000, 0.000, 0.000, 0.000, 113.312, 0.000, 0.000, 0.000, 0.000, 0.000, 31.522, 0.000, 0.000, 0.000, 0.000, 338.948, 0.012
12.319, 0.013, 0.000, 0.000, 0.000, 0.000, 0.000, 0.000, 100.734, 0.000, 0.000, 0.000, 0.000, 0.000, 108.022, 0.000, 0.000, 0.000, 0.000, 0.000, 101.243, 0.000, 0.000, 0.000, 0.000, 0.000, 30.375, 0.000, 0.000, 0.000, 0.000, 0.000, 110.715, 0.000, 0.000, 0.000, 0.000, 0.000, 31.752, 0.000, 0.000, 0.000, 0.000, 338.766, 0.013
12.171, 0.013, 0.000, 0.000, 0.000, 0.000, 0.000, 0.000, 92.887, 0.000, 0.000, 0.000, 0.000, 0.000, 108.952, 0.000, 0.000, 0.000, 0.000, 0.000, 103.948, 0.000, 0.000, 0.000, 0.000, 0.000, 30.570, 0.000, 0.000, 0.000, 0.000, 0.000, 111.780, 0.000, 0.000, 0.000, 0.000, 0.000, 31.608, 0.000, 0.000, 0.000, 0.000, 344.388, 0.012
Running benchmark for /home/pei/Project/benchmarks/imdb_job-postgres/queries/13b.sql...
13.646, 0.000, 0.000, 0.000, 0.000, 0.007, 0.018, 0.000, 485.642, 0.037, 0.038, 0.381, 0.017, 0.212, 105.977, 0.045, 0.032, 0.364, 0.040, 0.174, 201.849, 0.032, 0.030, 0.385, 0.034, 0.121, 28.553, 0.016, 0.017, 0.275, 0.019, 0.130, 71.443, 0.029, 0.015, 0.304, 0.019, 0.132, 0.712, 0.016, 0.012, 0.031, 0.000, 1471.906, 0.066
12.166, 0.014, 0.000, 0.000, 0.000, 0.000, 0.000, 0.000, 498.347, 0.000, 0.000, 0.000, 0.000, 0.000, 106.042, 0.000, 0.000, 0.000, 0.000, 0.000, 116.710, 0.000, 0.000, 0.000, 0.000, 0.000, 28.082, 0.000, 0.000, 0.000, 0.000, 0.000, 68.726, 0.000, 0.000, 0.000, 0.000, 0.000, 0.849, 0.000, 0.000, 0.000, 0.000, 1.822, 0.024
12.186, 0.013, 0.000, 0.000, 0.000, 0.000, 0.000, 0.000, 483.881, 0.000, 0.000, 0.000, 0.000, 0.000, 105.971, 0.000, 0.000, 0.000, 0.000, 0.000, 117.822, 0.000, 0.000, 0.000, 0.000, 0.000, 27.645, 0.000, 0.000, 0.000, 0.000, 0.000, 68.618, 0.000, 0.000, 0.000, 0.000, 0.000, 0.818, 0.000, 0.000, 0.000, 0.000, 1.778, 0.023
12.080, 0.013, 0.000, 0.000, 0.000, 0.000, 0.000, 0.000, 485.181, 0.000, 0.000, 0.000, 0.000, 0.000, 107.024, 0.000, 0.000, 0.000, 0.000, 0.000, 127.645, 0.000, 0.000, 0.000, 0.000, 0.000, 27.717, 0.000, 0.000, 0.000, 0.000, 0.000, 68.377, 0.000, 0.000, 0.000, 0.000, 0.000, 0.833, 0.000, 0.000, 0.000, 0.000, 1.847, 0.024
12.260, 0.013, 0.000, 0.000, 0.000, 0.000, 0.000, 0.000, 486.574, 0.000, 0.000, 0.000, 0.000, 0.000, 107.132, 0.000, 0.000, 0.000, 0.000, 0.000, 120.227, 0.000, 0.000, 0.000, 0.000, 0.000, 27.817, 0.000, 0.000, 0.000, 0.000, 0.000, 68.601, 0.000, 0.000, 0.000, 0.000, 0.000, 0.863, 0.000, 0.000, 0.000, 0.000, 1.851, 0.012
12.230, 0.026, 0.000, 0.000, 0.000, 0.000, 0.000, 0.000, 503.763, 0.000, 0.000, 0.000, 0.000, 0.000, 106.448, 0.000, 0.000, 0.000, 0.000, 0.000, 112.314, 0.000, 0.000, 0.000, 0.000, 0.000, 27.844, 0.000, 0.000, 0.000, 0.000, 0.000, 68.255, 0.000, 0.000, 0.000, 0.000, 0.000, 0.806, 0.000, 0.000, 0.000, 0.000, 1.835, 0.024
12.199, 0.013, 0.000, 0.000, 0.000, 0.000, 0.000, 0.000, 486.187, 0.000, 0.000, 0.000, 0.000, 0.000, 107.002, 0.000, 0.000, 0.000, 0.000, 0.000, 113.104, 0.000, 0.000, 0.000, 0.000, 0.000, 27.750, 0.000, 0.000, 0.000, 0.000, 0.000, 68.234, 0.000, 0.000, 0.000, 0.000, 0.000, 0.823, 0.000, 0.000, 0.000, 0.000, 1.769, 0.024
11.926, 0.013, 0.000, 0.000, 0.000, 0.000, 0.000, 0.000, 482.048, 0.000, 0.000, 0.000, 0.000, 0.000, 106.141, 0.000, 0.000, 0.000, 0.000, 0.000, 115.301, 0.000, 0.000, 0.000, 0.000, 0.000, 27.920, 0.000, 0.000, 0.000, 0.000, 0.000, 68.218, 0.000, 0.000, 0.000, 0.000, 0.000, 0.793, 0.000, 0.000, 0.000, 0.000, 1.761, 0.026
Running benchmark for /home/pei/Project/benchmarks/imdb_job-postgres/queries/13c.sql...
18.072, 0.000, 0.000, 0.000, 0.000, 0.007, 0.017, 0.000, 508.095, 0.038, 0.036, 0.372, 0.017, 0.216, 106.611, 0.046, 0.032, 0.369, 0.039, 0.174, 87.211, 0.037, 0.026, 0.369, 0.033, 0.111, 26.821, 0.028, 0.017, 0.321, 0.034, 0.112, 69.257, 0.029, 0.016, 0.316, 0.034, 0.110, 0.660, 0.028, 0.012, 0.007, 0.000, 0.444, 0.023
14.079, 0.013, 0.000, 0.000, 0.000, 0.000, 0.000, 0.000, 476.980, 0.000, 0.000, 0.000, 0.000, 0.000, 107.752, 0.000, 0.000, 0.000, 0.000, 0.000, 87.152, 0.000, 0.000, 0.000, 0.000, 0.000, 26.617, 0.000, 0.000, 0.000, 0.000, 0.000, 68.243, 0.000, 0.000, 0.000, 0.000, 0.000, 0.776, 0.000, 0.000, 0.000, 0.000, 0.385, 0.025
14.162, 0.013, 0.000, 0.000, 0.000, 0.000, 0.000, 0.000, 491.162, 0.000, 0.000, 0.000, 0.000, 0.000, 106.416, 0.000, 0.000, 0.000, 0.000, 0.000, 87.677, 0.000, 0.000, 0.000, 0.000, 0.000, 26.546, 0.000, 0.000, 0.000, 0.000, 0.000, 78.865, 0.000, 0.000, 0.000, 0.000, 0.000, 0.778, 0.000, 0.000, 0.000, 0.000, 0.409, 0.025
14.196, 0.013, 0.000, 0.000, 0.000, 0.000, 0.000, 0.000, 487.348, 0.000, 0.000, 0.000, 0.000, 0.000, 106.362, 0.000, 0.000, 0.000, 0.000, 0.000, 87.242, 0.000, 0.000, 0.000, 0.000, 0.000, 26.617, 0.000, 0.000, 0.000, 0.000, 0.000, 69.969, 0.000, 0.000, 0.000, 0.000, 0.000, 0.778, 0.000, 0.000, 0.000, 0.000, 0.412, 0.011
14.544, 0.014, 0.000, 0.000, 0.000, 0.000, 0.000, 0.000, 490.316, 0.000, 0.000, 0.000, 0.000, 0.000, 107.773, 0.000, 0.000, 0.000, 0.000, 0.000, 87.874, 0.000, 0.000, 0.000, 0.000, 0.000, 26.664, 0.000, 0.000, 0.000, 0.000, 0.000, 70.507, 0.000, 0.000, 0.000, 0.000, 0.000, 0.763, 0.000, 0.000, 0.000, 0.000, 0.418, 0.026
14.086, 0.013, 0.000, 0.000, 0.000, 0.000, 0.000, 0.000, 490.035, 0.000, 0.000, 0.000, 0.000, 0.000, 106.893, 0.000, 0.000, 0.000, 0.000, 0.000, 80.751, 0.000, 0.000, 0.000, 0.000, 0.000, 26.627, 0.000, 0.000, 0.000, 0.000, 0.000, 68.591, 0.000, 0.000, 0.000, 0.000, 0.000, 0.832, 0.000, 0.000, 0.000, 0.000, 0.410, 0.023
14.067, 0.013, 0.000, 0.000, 0.000, 0.000, 0.000, 0.000, 505.084, 0.000, 0.000, 0.000, 0.000, 0.000, 107.344, 0.000, 0.000, 0.000, 0.000, 0.000, 87.532, 0.000, 0.000, 0.000, 0.000, 0.000, 26.482, 0.000, 0.000, 0.000, 0.000, 0.000, 70.206, 0.000, 0.000, 0.000, 0.000, 0.000, 0.808, 0.000, 0.000, 0.000, 0.000, 0.384, 0.026
13.904, 0.013, 0.000, 0.000, 0.000, 0.000, 0.000, 0.000, 486.627, 0.000, 0.000, 0.000, 0.000, 0.000, 107.254, 0.000, 0.000, 0.000, 0.000, 0.000, 88.474, 0.000, 0.000, 0.000, 0.000, 0.000, 26.526, 0.000, 0.000, 0.000, 0.000, 0.000, 69.901, 0.000, 0.000, 0.000, 0.000, 0.000, 0.735, 0.000, 0.000, 0.000, 0.000, 0.380, 0.028
Running benchmark for /home/pei/Project/benchmarks/imdb_job-postgres/queries/13d.sql...
14.246, 0.000, 0.000, 0.000, 0.000, 0.007, 0.017, 0.000, 490.560, 0.038, 0.034, 0.400, 0.018, 0.238, 107.199, 0.048, 0.031, 0.366, 0.061, 0.152, 562.693, 0.047, 0.028, 0.409, 0.038, 0.261, 492.401, 0.048, 0.032, 0.008, 0.000, 480.459, 0.026
14.233, 0.014, 0.000, 0.000, 0.000, 0.000, 0.000, 0.000, 479.487, 0.000, 0.000, 0.000, 0.000, 0.000, 106.798, 0.000, 0.000, 0.000, 0.000, 0.000, 550.561, 0.000, 0.000, 0.000, 0.000, 0.000, 487.704, 0.000, 0.000, 0.000, 0.000, 351.705, 0.039
13.968, 0.014, 0.000, 0.000, 0.000, 0.000, 0.000, 0.000, 489.159, 0.000, 0.000, 0.000, 0.000, 0.000, 105.644, 0.000, 0.000, 0.000, 0.000, 0.000, 554.674, 0.000, 0.000, 0.000, 0.000, 0.000, 486.229, 0.000, 0.000, 0.000, 0.000, 342.687, 0.026
13.958, 0.014, 0.000, 0.000, 0.000, 0.000, 0.000, 0.000, 489.013, 0.000, 0.000, 0.000, 0.000, 0.000, 107.540, 0.000, 0.000, 0.000, 0.000, 0.000, 555.208, 0.000, 0.000, 0.000, 0.000, 0.000, 493.003, 0.000, 0.000, 0.000, 0.000, 352.302, 0.027
14.532, 0.013, 0.000, 0.000, 0.000, 0.000, 0.000, 0.000, 492.122, 0.000, 0.000, 0.000, 0.000, 0.000, 108.748, 0.000, 0.000, 0.000, 0.000, 0.000, 1020.360, 0.000, 0.000, 0.000, 0.000, 0.000, 506.125, 0.000, 0.000, 0.000, 0.000, 479.313, 0.026
14.075, 0.014, 0.000, 0.000, 0.000, 0.000, 0.000, 0.000, 490.745, 0.000, 0.000, 0.000, 0.000, 0.000, 106.645, 0.000, 0.000, 0.000, 0.000, 0.000, 549.623, 0.000, 0.000, 0.000, 0.000, 0.000, 491.237, 0.000, 0.000, 0.000, 0.000, 475.181, 0.025
14.167, 0.014, 0.000, 0.000, 0.000, 0.000, 0.000, 0.000, 487.085, 0.000, 0.000, 0.000, 0.000, 0.000, 106.263, 0.000, 0.000, 0.000, 0.000, 0.000, 553.667, 0.000, 0.000, 0.000, 0.000, 0.000, 491.110, 0.000, 0.000, 0.000, 0.000, 479.523, 0.023
13.870, 0.013, 0.000, 0.000, 0.000, 0.000, 0.000, 0.000, 483.381, 0.000, 0.000, 0.000, 0.000, 0.000, 106.701, 0.000, 0.000, 0.000, 0.000, 0.000, 551.399, 0.000, 0.000, 0.000, 0.000, 0.000, 500.232, 0.000, 0.000, 0.000, 0.000, 476.531, 0.024
Running benchmark for /home/pei/Project/benchmarks/imdb_job-postgres/queries/14a.sql...
10.237, 0.000, 0.000, 0.000, 0.000, 0.007, 0.018, 0.000, 129.341, 0.048, 0.037, 0.354, 0.035, 0.325, 626.994, 0.035, 0.031, 0.664, 0.020, 0.123, 187.554, 0.033, 0.029, 0.426, 0.035, 0.147, 268.209, 0.034, 0.028, 0.402, 0.034, 0.108, 17.948, 0.029, 0.014, 0.008, 0.000, 98.097, 0.012
10.322, 0.014, 0.000, 0.000, 0.000, 0.000, 0.000, 0.000, 130.070, 0.000, 0.000, 0.000, 0.000, 0.000, 296.488, 0.000, 0.000, 0.000, 0.000, 0.000, 191.005, 0.000, 0.000, 0.000, 0.000, 0.000, 244.316, 0.000, 0.000, 0.000, 0.000, 0.000, 18.404, 0.000, 0.000, 0.000, 0.000, 76.331, 0.039
10.453, 0.014, 0.000, 0.000, 0.000, 0.000, 0.000, 0.000, 130.183, 0.000, 0.000, 0.000, 0.000, 0.000, 295.231, 0.000, 0.000, 0.000, 0.000, 0.000, 186.908, 0.000, 0.000, 0.000, 0.000, 0.000, 228.495, 0.000, 0.000, 0.000, 0.000, 0.000, 18.281, 0.000, 0.000, 0.000, 0.000, 78.610, 0.011
10.580, 0.013, 0.000, 0.000, 0.000, 0.000, 0.000, 0.000, 129.448, 0.000, 0.000, 0.000, 0.000, 0.000, 295.891, 0.000, 0.000, 0.000, 0.000, 0.000, 185.640, 0.000, 0.000, 0.000, 0.000, 0.000, 231.795, 0.000, 0.000, 0.000, 0.000, 0.000, 18.543, 0.000, 0.000, 0.000, 0.000, 59.974, 0.012
10.591, 0.013, 0.000, 0.000, 0.000, 0.000, 0.000, 0.000, 129.203, 0.000, 0.000, 0.000, 0.000, 0.000, 293.923, 0.000, 0.000, 0.000, 0.000, 0.000, 186.528, 0.000, 0.000, 0.000, 0.000, 0.000, 236.102, 0.000, 0.000, 0.000, 0.000, 0.000, 18.082, 0.000, 0.000, 0.000, 0.000, 59.599, 0.013
10.477, 0.013, 0.000, 0.000, 0.000, 0.000, 0.000, 0.000, 128.248, 0.000, 0.000, 0.000, 0.000, 0.000, 294.204, 0.000, 0.000, 0.000, 0.000, 0.000, 183.191, 0.000, 0.000, 0.000, 0.000, 0.000, 229.385, 0.000, 0.000, 0.000, 0.000, 0.000, 18.414, 0.000, 0.000, 0.000, 0.000, 57.701, 0.011
10.475, 0.013, 0.000, 0.000, 0.000, 0.000, 0.000, 0.000, 129.780, 0.000, 0.000, 0.000, 0.000, 0.000, 295.170, 0.000, 0.000, 0.000, 0.000, 0.000, 187.615, 0.000, 0.000, 0.000, 0.000, 0.000, 235.265, 0.000, 0.000, 0.000, 0.000, 0.000, 18.482, 0.000, 0.000, 0.000, 0.000, 59.249, 0.025
10.709, 0.014, 0.000, 0.000, 0.000, 0.000, 0.000, 0.000, 129.273, 0.000, 0.000, 0.000, 0.000, 0.000, 299.824, 0.000, 0.000, 0.000, 0.000, 0.000, 184.792, 0.000, 0.000, 0.000, 0.000, 0.000, 234.230, 0.000, 0.000, 0.000, 0.000, 0.000, 18.286, 0.000, 0.000, 0.000, 0.000, 56.424, 0.012
Running benchmark for /home/pei/Project/benchmarks/imdb_job-postgres/queries/14b.sql...
10.203, 0.000, 0.000, 0.000, 0.000, 0.007, 0.017, 0.000, 104.367, 0.033, 0.034, 0.356, 0.021, 0.349, 293.254, 0.036, 0.030, 0.665, 0.020, 0.108, 135.191, 0.035, 0.028, 0.496, 0.037, 0.184, 92.214, 0.033, 0.029, 0.350, 0.019, 0.199, 0.679, 0.015, 0.013, 0.007, 0.000, 36.629, 0.027
10.588, 0.014, 0.000, 0.000, 0.000, 0.000, 0.000, 0.000, 104.301, 0.000, 0.000, 0.000, 0.000, 0.000, 293.545, 0.000, 0.000, 0.000, 0.000, 0.000, 125.372, 0.000, 0.000, 0.000, 0.000, 0.000, 81.694, 0.000, 0.000, 0.000, 0.000, 0.000, 0.822, 0.000, 0.000, 0.000, 0.000, 0.346, 0.027
10.189, 0.013, 0.000, 0.000, 0.000, 0.000, 0.000, 0.000, 103.644, 0.000, 0.000, 0.000, 0.000, 0.000, 291.828, 0.000, 0.000, 0.000, 0.000, 0.000, 131.832, 0.000, 0.000, 0.000, 0.000, 0.000, 85.661, 0.000, 0.000, 0.000, 0.000, 0.000, 0.829, 0.000, 0.000, 0.000, 0.000, 0.278, 0.011
10.317, 0.015, 0.000, 0.000, 0.000, 0.000, 0.000, 0.000, 103.424, 0.000, 0.000, 0.000, 0.000, 0.000, 291.790, 0.000, 0.000, 0.000, 0.000, 0.000, 127.697, 0.000, 0.000, 0.000, 0.000, 0.000, 88.387, 0.000, 0.000, 0.000, 0.000, 0.000, 0.859, 0.000, 0.000, 0.000, 0.000, 0.316, 0.010
10.100, 0.014, 0.000, 0.000, 0.000, 0.000, 0.000, 0.000, 104.713, 0.000, 0.000, 0.000, 0.000, 0.000, 289.921, 0.000, 0.000, 0.000, 0.000, 0.000, 129.369, 0.000, 0.000, 0.000, 0.000, 0.000, 86.062, 0.000, 0.000, 0.000, 0.000, 0.000, 0.919, 0.000, 0.000, 0.000, 0.000, 0.283, 0.010
10.305, 0.014, 0.000, 0.000, 0.000, 0.000, 0.000, 0.000, 103.383, 0.000, 0.000, 0.000, 0.000, 0.000, 302.551, 0.000, 0.000, 0.000, 0.000, 0.000, 128.071, 0.000, 0.000, 0.000, 0.000, 0.000, 83.153, 0.000, 0.000, 0.000, 0.000, 0.000, 0.891, 0.000, 0.000, 0.000, 0.000, 0.307, 0.010
10.236, 0.014, 0.000, 0.000, 0.000, 0.000, 0.000, 0.000, 104.286, 0.000, 0.000, 0.000, 0.000, 0.000, 293.546, 0.000, 0.000, 0.000, 0.000, 0.000, 134.805, 0.000, 0.000, 0.000, 0.000, 0.000, 85.139, 0.000, 0.000, 0.000, 0.000, 0.000, 0.849, 0.000, 0.000, 0.000, 0.000, 0.319, 0.010
10.099, 0.014, 0.000, 0.000, 0.000, 0.000, 0.000, 0.000, 104.233, 0.000, 0.000, 0.000, 0.000, 0.000, 295.256, 0.000, 0.000, 0.000, 0.000, 0.000, 134.642, 0.000, 0.000, 0.000, 0.000, 0.000, 84.215, 0.000, 0.000, 0.000, 0.000, 0.000, 0.899, 0.000, 0.000, 0.000, 0.000, 0.283, 0.013
Running benchmark for /home/pei/Project/benchmarks/imdb_job-postgres/queries/14c.sql...
20.923, 0.000, 0.000, 0.000, 0.000, 0.018, 0.049, 0.000, 135.048, 0.032, 0.038, 0.361, 0.021, 0.349, 288.110, 0.036, 0.033, 0.670, 0.024, 0.105, 185.578, 0.048, 0.030, 0.436, 0.035, 0.149, 325.213, 0.035, 0.029, 0.420, 0.034, 0.149, 75.091, 0.041, 0.022, 0.011, 0.000, 33.530, 0.026
9.998, 0.015, 0.000, 0.000, 0.000, 0.000, 0.000, 0.000, 130.488, 0.000, 0.000, 0.000, 0.000, 0.000, 284.676, 0.000, 0.000, 0.000, 0.000, 0.000, 182.288, 0.000, 0.000, 0.000, 0.000, 0.000, 322.064, 0.000, 0.000, 0.000, 0.000, 0.000, 75.215, 0.000, 0.000, 0.000, 0.000, 34.122, 0.025
9.840, 0.013, 0.000, 0.000, 0.000, 0.000, 0.000, 0.000, 130.157, 0.000, 0.000, 0.000, 0.000, 0.000, 285.020, 0.000, 0.000, 0.000, 0.000, 0.000, 182.020, 0.000, 0.000, 0.000, 0.000, 0.000, 326.399, 0.000, 0.000, 0.000, 0.000, 0.000, 74.952, 0.000, 0.000, 0.000, 0.000, 34.726, 0.025
9.870, 0.014, 0.000, 0.000, 0.000, 0.000, 0.000, 0.000, 131.988, 0.000, 0.000, 0.000, 0.000, 0.000, 283.565, 0.000, 0.000, 0.000, 0.000, 0.000, 185.171, 0.000, 0.000, 0.000, 0.000, 0.000, 330.955, 0.000, 0.000, 0.000, 0.000, 0.000, 74.821, 0.000, 0.000, 0.000, 0.000, 33.051, 0.012
10.096, 0.013, 0.000, 0.000, 0.000, 0.000, 0.000, 0.000, 133.161, 0.000, 0.000, 0.000, 0.000, 0.000, 282.418, 0.000, 0.000, 0.000, 0.000, 0.000, 182.171, 0.000, 0.000, 0.000, 0.000, 0.000, 327.677, 0.000, 0.000, 0.000, 0.000, 0.000, 74.556, 0.000, 0.000, 0.000, 0.000, 33.721, 0.026
10.023, 0.014, 0.000, 0.000, 0.000, 0.000, 0.000, 0.000, 129.117, 0.000, 0.000, 0.000, 0.000, 0.000, 281.911, 0.000, 0.000, 0.000, 0.000, 0.000, 183.910, 0.000, 0.000, 0.000, 0.000, 0.000, 326.392, 0.000, 0.000, 0.000, 0.000, 0.000, 74.541, 0.000, 0.000, 0.000, 0.000, 33.820, 0.024
9.933, 0.014, 0.000, 0.000, 0.000, 0.000, 0.000, 0.000, 131.693, 0.000, 0.000, 0.000, 0.000, 0.000, 287.498, 0.000, 0.000, 0.000, 0.000, 0.000, 187.628, 0.000, 0.000, 0.000, 0.000, 0.000, 328.953, 0.000, 0.000, 0.000, 0.000, 0.000, 75.109, 0.000, 0.000, 0.000, 0.000, 33.838, 0.026
9.964, 0.014, 0.000, 0.000, 0.000, 0.000, 0.000, 0.000, 131.061, 0.000, 0.000, 0.000, 0.000, 0.000, 286.460, 0.000, 0.000, 0.000, 0.000, 0.000, 185.325, 0.000, 0.000, 0.000, 0.000, 0.000, 426.190, 0.000, 0.000, 0.000, 0.000, 0.000, 76.977, 0.000, 0.000, 0.000, 0.000, 33.259, 0.026
Running benchmark for /home/pei/Project/benchmarks/imdb_job-postgres/queries/15a.sql...
10.346, 0.000, 0.000, 0.000, 0.000, 0.009, 0.024, 0.000, 109.244, 0.037, 0.034, 16.591, 0.043, 0.180, 66.043, 0.036, 0.034, 0.803, 0.031, 0.140, 22.403, 0.036, 0.030, 1.393, 0.020, 0.190, 6631.834, 0.095, 0.078, 1.211, 0.080, 0.368, 3.672, 0.063, 0.055, 0.734, 0.055, 0.198, 2.063, 0.047, 0.032, 0.015, 0.000, 152.742, 0.048
10.428, 0.013, 0.000, 0.000, 0.000, 0.000, 0.000, 0.000, 121.499, 0.000, 0.000, 0.000, 0.000, 0.000, 31.522, 0.000, 0.000, 0.000, 0.000, 0.000, 22.481, 0.000, 0.000, 0.000, 0.000, 0.000, 265.581, 0.000, 0.000, 0.000, 0.000, 0.000, 1.229, 0.000, 0.000, 0.000, 0.000, 0.000, 1.153, 0.000, 0.000, 0.000, 0.000, 2.157, 0.011
10.514, 0.013, 0.000, 0.000, 0.000, 0.000, 0.000, 0.000, 106.835, 0.000, 0.000, 0.000, 0.000, 0.000, 31.739, 0.000, 0.000, 0.000, 0.000, 0.000, 22.426, 0.000, 0.000, 0.000, 0.000, 0.000, 269.934, 0.000, 0.000, 0.000, 0.000, 0.000, 1.070, 0.000, 0.000, 0.000, 0.000, 0.000, 0.833, 0.000, 0.000, 0.000, 0.000, 1.763, 0.012
10.580, 0.015, 0.000, 0.000, 0.000, 0.000, 0.000, 0.000, 120.734, 0.000, 0.000, 0.000, 0.000, 0.000, 31.657, 0.000, 0.000, 0.000, 0.000, 0.000, 22.186, 0.000, 0.000, 0.000, 0.000, 0.000, 276.482, 0.000, 0.000, 0.000, 0.000, 0.000, 0.953, 0.000, 0.000, 0.000, 0.000, 0.000, 0.729, 0.000, 0.000, 0.000, 0.000, 1.912, 0.011
10.630, 0.013, 0.000, 0.000, 0.000, 0.000, 0.000, 0.000, 118.358, 0.000, 0.000, 0.000, 0.000, 0.000, 31.602, 0.000, 0.000, 0.000, 0.000, 0.000, 22.460, 0.000, 0.000, 0.000, 0.000, 0.000, 266.907, 0.000, 0.000, 0.000, 0.000, 0.000, 0.972, 0.000, 0.000, 0.000, 0.000, 0.000, 0.793, 0.000, 0.000, 0.000, 0.000, 1.775, 0.012
10.536, 0.013, 0.000, 0.000, 0.000, 0.000, 0.000, 0.000, 107.862, 0.000, 0.000, 0.000, 0.000, 0.000, 31.482, 0.000, 0.000, 0.000, 0.000, 0.000, 22.049, 0.000, 0.000, 0.000, 0.000, 0.000, 265.661, 0.000, 0.000, 0.000, 0.000, 0.000, 0.973, 0.000, 0.000, 0.000, 0.000, 0.000, 0.967, 0.000, 0.000, 0.000, 0.000, 1.809, 0.013
10.624, 0.013, 0.000, 0.000, 0.000, 0.000, 0.000, 0.000, 106.558, 0.000, 0.000, 0.000, 0.000, 0.000, 31.625, 0.000, 0.000, 0.000, 0.000, 0.000, 22.124, 0.000, 0.000, 0.000, 0.000, 0.000, 263.155, 0.000, 0.000, 0.000, 0.000, 0.000, 0.973, 0.000, 0.000, 0.000, 0.000, 0.000, 0.812, 0.000, 0.000, 0.000, 0.000, 1.774, 0.012
10.501, 0.014, 0.000, 0.000, 0.000, 0.000, 0.000, 0.000, 109.097, 0.000, 0.000, 0.000, 0.000, 0.000, 31.724, 0.000, 0.000, 0.000, 0.000, 0.000, 22.092, 0.000, 0.000, 0.000, 0.000, 0.000, 266.089, 0.000, 0.000, 0.000, 0.000, 0.000, 148.764, 0.000, 0.000, 0.000, 0.000, 0.000, 5.132, 0.000, 0.000, 0.000, 0.000, 6.945, 0.043
Running benchmark for /home/pei/Project/benchmarks/imdb_job-postgres/queries/15b.sql...
34.793, 0.000, 0.000, 0.000, 0.000, 0.021, 0.054, 0.000, 26.551, 0.035, 0.039, 0.829, 0.021, 0.202, 0.892, 0.018, 0.022, 0.672, 0.032, 0.160, 0.859, 0.016, 0.018, 0.693, 0.020, 0.141, 64.082, 0.053, 0.042, 0.016, 0.000, 121.972, 0.048
10.566, 0.014, 0.000, 0.000, 0.000, 0.000, 0.000, 0.000, 17.896, 0.000, 0.000, 0.000, 0.000, 0.000, 0.993, 0.000, 0.000, 0.000, 0.000, 0.000, 0.916, 0.000, 0.000, 0.000, 0.000, 0.000, 1.661, 0.000, 0.000, 0.000, 0.000, 1.114, 0.011
10.275, 0.013, 0.000, 0.000, 0.000, 0.000, 0.000, 0.000, 17.677, 0.000, 0.000, 0.000, 0.000, 0.000, 0.991, 0.000, 0.000, 0.000, 0.000, 0.000, 0.936, 0.000, 0.000, 0.000, 0.000, 0.000, 1.613, 0.000, 0.000, 0.000, 0.000, 1.132, 0.011
10.382, 0.014, 0.000, 0.000, 0.000, 0.000, 0.000, 0.000, 17.740, 0.000, 0.000, 0.000, 0.000, 0.000, 0.964, 0.000, 0.000, 0.000, 0.000, 0.000, 0.918, 0.000, 0.000, 0.000, 0.000, 0.000, 1.644, 0.000, 0.000, 0.000, 0.000, 1.136, 0.011
10.310, 0.014, 0.000, 0.000, 0.000, 0.000, 0.000, 0.000, 17.883, 0.000, 0.000, 0.000, 0.000, 0.000, 1.004, 0.000, 0.000, 0.000, 0.000, 0.000, 0.904, 0.000, 0.000, 0.000, 0.000, 0.000, 1.681, 0.000, 0.000, 0.000, 0.000, 1.142, 0.010
10.648, 0.014, 0.000, 0.000, 0.000, 0.000, 0.000, 0.000, 17.574, 0.000, 0.000, 0.000, 0.000, 0.000, 0.936, 0.000, 0.000, 0.000, 0.000, 0.000, 0.894, 0.000, 0.000, 0.000, 0.000, 0.000, 1.563, 0.000, 0.000, 0.000, 0.000, 1.081, 0.011
10.390, 0.013, 0.000, 0.000, 0.000, 0.000, 0.000, 0.000, 17.558, 0.000, 0.000, 0.000, 0.000, 0.000, 0.992, 0.000, 0.000, 0.000, 0.000, 0.000, 0.870, 0.000, 0.000, 0.000, 0.000, 0.000, 1.622, 0.000, 0.000, 0.000, 0.000, 1.111, 0.010
30.463, 0.027, 0.000, 0.000, 0.000, 0.000, 0.000, 0.000, 20.733, 0.000, 0.000, 0.000, 0.000, 0.000, 0.903, 0.000, 0.000, 0.000, 0.000, 0.000, 0.837, 0.000, 0.000, 0.000, 0.000, 0.000, 1.550, 0.000, 0.000, 0.000, 0.000, 1.092, 0.011
Running benchmark for /home/pei/Project/benchmarks/imdb_job-postgres/queries/15c.sql...
22.377, 0.000, 0.000, 0.000, 0.000, 0.038, 0.095, 0.000, 426.481, 0.036, 0.036, 0.394, 0.019, 0.258, 265.964, 0.038, 0.033, 0.671, 0.042, 0.110, 3.494, 0.016, 0.021, 0.366, 0.034, 0.124, 1.394, 0.015, 0.016, 0.303, 0.018, 0.114, 65.156, 0.017, 0.016, 0.295, 0.018, 0.084, 1.104, 0.015, 0.011, 0.005, 0.000, 77.146, 0.017
6.372, 0.015, 0.000, 0.000, 0.000, 0.000, 0.000, 0.000, 403.296, 0.000, 0.000, 0.000, 0.000, 0.000, 272.195, 0.000, 0.000, 0.000, 0.000, 0.000, 3.655, 0.000, 0.000, 0.000, 0.000, 0.000, 1.546, 0.000, 0.000, 0.000, 0.000, 0.000, 64.438, 0.000, 0.000, 0.000, 0.000, 0.000, 1.182, 0.000, 0.000, 0.000, 0.000, 11.428, 0.011
6.094, 0.014, 0.000, 0.000, 0.000, 0.000, 0.000, 0.000, 406.763, 0.000, 0.000, 0.000, 0.000, 0.000, 264.888, 0.000, 0.000, 0.000, 0.000, 0.000, 3.617, 0.000, 0.000, 0.000, 0.000, 0.000, 1.479, 0.000, 0.000, 0.000, 0.000, 0.000, 63.283, 0.000, 0.000, 0.000, 0.000, 0.000, 1.189, 0.000, 0.000, 0.000, 0.000, 11.634, 0.011
6.141, 0.013, 0.000, 0.000, 0.000, 0.000, 0.000, 0.000, 410.405, 0.000, 0.000, 0.000, 0.000, 0.000, 264.597, 0.000, 0.000, 0.000, 0.000, 0.000, 3.578, 0.000, 0.000, 0.000, 0.000, 0.000, 1.468, 0.000, 0.000, 0.000, 0.000, 0.000, 63.404, 0.000, 0.000, 0.000, 0.000, 0.000, 1.179, 0.000, 0.000, 0.000, 0.000, 11.905, 0.011
6.143, 0.013, 0.000, 0.000, 0.000, 0.000, 0.000, 0.000, 404.539, 0.000, 0.000, 0.000, 0.000, 0.000, 265.419, 0.000, 0.000, 0.000, 0.000, 0.000, 3.584, 0.000, 0.000, 0.000, 0.000, 0.000, 1.494, 0.000, 0.000, 0.000, 0.000, 0.000, 63.588, 0.000, 0.000, 0.000, 0.000, 0.000, 1.225, 0.000, 0.000, 0.000, 0.000, 11.965, 0.011
6.187, 0.014, 0.000, 0.000, 0.000, 0.000, 0.000, 0.000, 408.581, 0.000, 0.000, 0.000, 0.000, 0.000, 265.871, 0.000, 0.000, 0.000, 0.000, 0.000, 3.583, 0.000, 0.000, 0.000, 0.000, 0.000, 1.481, 0.000, 0.000, 0.000, 0.000, 0.000, 64.847, 0.000, 0.000, 0.000, 0.000, 0.000, 1.172, 0.000, 0.000, 0.000, 0.000, 12.068, 0.012
6.141, 0.014, 0.000, 0.000, 0.000, 0.000, 0.000, 0.000, 404.648, 0.000, 0.000, 0.000, 0.000, 0.000, 265.522, 0.000, 0.000, 0.000, 0.000, 0.000, 3.551, 0.000, 0.000, 0.000, 0.000, 0.000, 1.478, 0.000, 0.000, 0.000, 0.000, 0.000, 63.510, 0.000, 0.000, 0.000, 0.000, 0.000, 1.197, 0.000, 0.000, 0.000, 0.000, 11.702, 0.011
6.158, 0.015, 0.000, 0.000, 0.000, 0.000, 0.000, 0.000, 416.854, 0.000, 0.000, 0.000, 0.000, 0.000, 263.438, 0.000, 0.000, 0.000, 0.000, 0.000, 3.596, 0.000, 0.000, 0.000, 0.000, 0.000, 1.461, 0.000, 0.000, 0.000, 0.000, 0.000, 63.372, 0.000, 0.000, 0.000, 0.000, 0.000, 1.157, 0.000, 0.000, 0.000, 0.000, 12.018, 0.011
Running benchmark for /home/pei/Project/benchmarks/imdb_job-postgres/queries/15d.sql...
18.205, 0.000, 0.000, 0.000, 0.000, 0.014, 0.034, 0.000, 417.017, 0.037, 0.035, 0.390, 0.018, 0.222, 235.614, 0.032, 0.030, 0.708, 0.041, 0.112, 27.644, 0.038, 0.031, 0.450, 0.019, 0.161, 4.229, 0.016, 0.021, 0.317, 0.019, 0.124, 69.920, 0.017, 0.016, 0.317, 0.018, 0.111, 2.151, 0.016, 0.011, 0.006, 0.000, 240.773, 0.044
11.938, 0.014, 0.000, 0.000, 0.000, 0.000, 0.000, 0.000, 399.321, 0.000, 0.000, 0.000, 0.000, 0.000, 237.205, 0.000, 0.000, 0.000, 0.000, 0.000, 27.693, 0.000, 0.000, 0.000, 0.000, 0.000, 4.533, 0.000, 0.000, 0.000, 0.000, 0.000, 70.552, 0.000, 0.000, 0.000, 0.000, 0.000, 2.253, 0.000, 0.000, 0.000, 0.000, 13.681, 0.011
11.868, 0.013, 0.000, 0.000, 0.000, 0.000, 0.000, 0.000, 399.128, 0.000, 0.000, 0.000, 0.000, 0.000, 235.870, 0.000, 0.000, 0.000, 0.000, 0.000, 27.245, 0.000, 0.000, 0.000, 0.000, 0.000, 4.395, 0.000, 0.000, 0.000, 0.000, 0.000, 67.933, 0.000, 0.000, 0.000, 0.000, 0.000, 2.298, 0.000, 0.000, 0.000, 0.000, 13.852, 0.011
12.036, 0.014, 0.000, 0.000, 0.000, 0.000, 0.000, 0.000, 404.364, 0.000, 0.000, 0.000, 0.000, 0.000, 235.482, 0.000, 0.000, 0.000, 0.000, 0.000, 27.463, 0.000, 0.000, 0.000, 0.000, 0.000, 4.382, 0.000, 0.000, 0.000, 0.000, 0.000, 68.427, 0.000, 0.000, 0.000, 0.000, 0.000, 2.256, 0.000, 0.000, 0.000, 0.000, 13.619, 0.011
11.985, 0.013, 0.000, 0.000, 0.000, 0.000, 0.000, 0.000, 403.764, 0.000, 0.000, 0.000, 0.000, 0.000, 235.148, 0.000, 0.000, 0.000, 0.000, 0.000, 27.640, 0.000, 0.000, 0.000, 0.000, 0.000, 4.415, 0.000, 0.000, 0.000, 0.000, 0.000, 68.412, 0.000, 0.000, 0.000, 0.000, 0.000, 2.243, 0.000, 0.000, 0.000, 0.000, 15.438, 0.011
11.909, 0.013, 0.000, 0.000, 0.000, 0.000, 0.000, 0.000, 399.692, 0.000, 0.000, 0.000, 0.000, 0.000, 235.703, 0.000, 0.000, 0.000, 0.000, 0.000, 27.230, 0.000, 0.000, 0.000, 0.000, 0.000, 4.364, 0.000, 0.000, 0.000, 0.000, 0.000, 68.574, 0.000, 0.000, 0.000, 0.000, 0.000, 2.271, 0.000, 0.000, 0.000, 0.000, 13.678, 0.011
11.977, 0.014, 0.000, 0.000, 0.000, 0.000, 0.000, 0.000, 398.010, 0.000, 0.000, 0.000, 0.000, 0.000, 235.433, 0.000, 0.000, 0.000, 0.000, 0.000, 27.364, 0.000, 0.000, 0.000, 0.000, 0.000, 4.365, 0.000, 0.000, 0.000, 0.000, 0.000, 68.247, 0.000, 0.000, 0.000, 0.000, 0.000, 2.289, 0.000, 0.000, 0.000, 0.000, 13.597, 0.026
11.704, 0.014, 0.000, 0.000, 0.000, 0.000, 0.000, 0.000, 398.450, 0.000, 0.000, 0.000, 0.000, 0.000, 234.977, 0.000, 0.000, 0.000, 0.000, 0.000, 26.932, 0.000, 0.000, 0.000, 0.000, 0.000, 4.377, 0.000, 0.000, 0.000, 0.000, 0.000, 68.303, 0.000, 0.000, 0.000, 0.000, 0.000, 2.220, 0.000, 0.000, 0.000, 0.000, 13.831, 0.011
Running benchmark for /home/pei/Project/benchmarks/imdb_job-postgres/queries/16a.sql...
34.739, 0.000, 0.000, 0.000, 0.000, 0.031, 0.089, 0.000, 410.360, 0.036, 0.031, 0.370, 0.016, 0.202, 54.876, 0.039, 0.029, 0.882, 0.042, 0.117, 79.609, 0.036, 0.029, 0.370, 0.019, 0.174, 66.080, 0.017, 0.014, 45.736, 0.037, 0.120, 161.397, 0.108, 0.066, 1.383, 0.089, 0.449, 229.804, 0.113, 0.068, 0.025, 0.000, 556.527, 0.046
10.746, 0.014, 0.000, 0.000, 0.000, 0.000, 0.000, 0.000, 376.921, 0.000, 0.000, 0.000, 0.000, 0.000, 38.371, 0.000, 0.000, 0.000, 0.000, 0.000, 79.277, 0.000, 0.000, 0.000, 0.000, 0.000, 81.610, 0.000, 0.000, 0.000, 0.000, 0.000, 1.696, 0.000, 0.000, 0.000, 0.000, 0.000, 2.569, 0.000, 0.000, 0.000, 0.000, 0.825, 0.012
10.876, 0.014, 0.000, 0.000, 0.000, 0.000, 0.000, 0.000, 375.680, 0.000, 0.000, 0.000, 0.000, 0.000, 61.137, 0.000, 0.000, 0.000, 0.000, 0.000, 77.790, 0.000, 0.000, 0.000, 0.000, 0.000, 69.018, 0.000, 0.000, 0.000, 0.000, 0.000, 1.641, 0.000, 0.000, 0.000, 0.000, 0.000, 2.507, 0.000, 0.000, 0.000, 0.000, 0.818, 0.011
10.858, 0.013, 0.000, 0.000, 0.000, 0.000, 0.000, 0.000, 374.813, 0.000, 0.000, 0.000, 0.000, 0.000, 39.317, 0.000, 0.000, 0.000, 0.000, 0.000, 78.904, 0.000, 0.000, 0.000, 0.000, 0.000, 65.001, 0.000, 0.000, 0.000, 0.000, 0.000, 1.707, 0.000, 0.000, 0.000, 0.000, 0.000, 2.500, 0.000, 0.000, 0.000, 0.000, 0.828, 0.011
11.745, 0.014, 0.000, 0.000, 0.000, 0.000, 0.000, 0.000, 370.947, 0.000, 0.000, 0.000, 0.000, 0.000, 39.732, 0.000, 0.000, 0.000, 0.000, 0.000, 80.399, 0.000, 0.000, 0.000, 0.000, 0.000, 65.091, 0.000, 0.000, 0.000, 0.000, 0.000, 1.756, 0.000, 0.000, 0.000, 0.000, 0.000, 2.560, 0.000, 0.000, 0.000, 0.000, 0.842, 0.010
10.818, 0.014, 0.000, 0.000, 0.000, 0.000, 0.000, 0.000, 376.130, 0.000, 0.000, 0.000, 0.000, 0.000, 41.825, 0.000, 0.000, 0.000, 0.000, 0.000, 79.762, 0.000, 0.000, 0.000, 0.000, 0.000, 66.138, 0.000, 0.000, 0.000, 0.000, 0.000, 1.682, 0.000, 0.000, 0.000, 0.000, 0.000, 2.580, 0.000, 0.000, 0.000, 0.000, 0.857, 0.011
10.844, 0.014, 0.000, 0.000, 0.000, 0.000, 0.000, 0.000, 374.986, 0.000, 0.000, 0.000, 0.000, 0.000, 39.345, 0.000, 0.000, 0.000, 0.000, 0.000, 78.088, 0.000, 0.000, 0.000, 0.000, 0.000, 66.132, 0.000, 0.000, 0.000, 0.000, 0.000, 1.743, 0.000, 0.000, 0.000, 0.000, 0.000, 2.577, 0.000, 0.000, 0.000, 0.000, 0.838, 0.011
10.768, 0.015, 0.000, 0.000, 0.000, 0.000, 0.000, 0.000, 368.706, 0.000, 0.000, 0.000, 0.000, 0.000, 39.482, 0.000, 0.000, 0.000, 0.000, 0.000, 78.297, 0.000, 0.000, 0.000, 0.000, 0.000, 66.006, 0.000, 0.000, 0.000, 0.000, 0.000, 1.734, 0.000, 0.000, 0.000, 0.000, 0.000, 2.515, 0.000, 0.000, 0.000, 0.000, 0.829, 0.011
Running benchmark for /home/pei/Project/benchmarks/imdb_job-postgres/queries/16b.sql...
37.011, 0.000, 0.000, 0.000, 0.000, 0.015, 0.045, 0.000, 391.034, 0.036, 0.030, 0.412, 0.017, 0.203, 27.205, 0.030, 0.026, 0.652, 0.023, 0.119, 106.958, 0.037, 0.021, 0.372, 0.023, 0.127, 157.518, 0.040, 0.024, 0.007, 0.000, 13255.074, 0.027
10.882, 0.014, 0.000, 0.000, 0.000, 0.000, 0.000, 0.000, 370.176, 0.000, 0.000, 0.000, 0.000, 0.000, 27.438, 0.000, 0.000, 0.000, 0.000, 0.000, 99.938, 0.000, 0.000, 0.000, 0.000, 0.000, 156.577, 0.000, 0.000, 0.000, 0.000, 3713.271, 0.014
10.787, 0.013, 0.000, 0.000, 0.000, 0.000, 0.000, 0.000, 380.626, 0.000, 0.000, 0.000, 0.000, 0.000, 27.396, 0.000, 0.000, 0.000, 0.000, 0.000, 100.412, 0.000, 0.000, 0.000, 0.000, 0.000, 155.977, 0.000, 0.000, 0.000, 0.000, 3679.959, 0.011
10.977, 0.014, 0.000, 0.000, 0.000, 0.000, 0.000, 0.000, 372.788, 0.000, 0.000, 0.000, 0.000, 0.000, 27.268, 0.000, 0.000, 0.000, 0.000, 0.000, 101.405, 0.000, 0.000, 0.000, 0.000, 0.000, 156.864, 0.000, 0.000, 0.000, 0.000, 3750.368, 0.012
10.868, 0.014, 0.000, 0.000, 0.000, 0.000, 0.000, 0.000, 376.880, 0.000, 0.000, 0.000, 0.000, 0.000, 27.503, 0.000, 0.000, 0.000, 0.000, 0.000, 100.736, 0.000, 0.000, 0.000, 0.000, 0.000, 156.533, 0.000, 0.000, 0.000, 0.000, 3700.092, 0.011
10.946, 0.014, 0.000, 0.000, 0.000, 0.000, 0.000, 0.000, 383.884, 0.000, 0.000, 0.000, 0.000, 0.000, 27.321, 0.000, 0.000, 0.000, 0.000, 0.000, 100.360, 0.000, 0.000, 0.000, 0.000, 0.000, 156.621, 0.000, 0.000, 0.000, 0.000, 3693.624, 0.012
10.940, 0.014, 0.000, 0.000, 0.000, 0.000, 0.000, 0.000, 369.389, 0.000, 0.000, 0.000, 0.000, 0.000, 27.026, 0.000, 0.000, 0.000, 0.000, 0.000, 102.350, 0.000, 0.000, 0.000, 0.000, 0.000, 156.421, 0.000, 0.000, 0.000, 0.000, 3689.265, 0.012
10.597, 0.013, 0.000, 0.000, 0.000, 0.000, 0.000, 0.000, 376.090, 0.000, 0.000, 0.000, 0.000, 0.000, 27.081, 0.000, 0.000, 0.000, 0.000, 0.000, 100.218, 0.000, 0.000, 0.000, 0.000, 0.000, 155.407, 0.000, 0.000, 0.000, 0.000, 3658.829, 0.039
Running benchmark for /home/pei/Project/benchmarks/imdb_job-postgres/queries/16c.sql...
5.964, 0.000, 0.000, 0.000, 0.000, 0.006, 0.016, 0.000, 441.351, 0.035, 0.030, 0.360, 0.017, 0.214, 39.332, 0.040, 0.028, 0.714, 0.041, 0.130, 190.362, 0.051, 0.029, 0.385, 0.019, 0.094, 96.023, 0.029, 0.025, 0.007, 0.000, 420.033, 0.012
5.907, 0.014, 0.000, 0.000, 0.000, 0.000, 0.000, 0.000, 372.241, 0.000, 0.000, 0.000, 0.000, 0.000, 57.345, 0.000, 0.000, 0.000, 0.000, 0.000, 193.451, 0.000, 0.000, 0.000, 0.000, 0.000, 86.822, 0.000, 0.000, 0.000, 0.000, 423.995, 0.011
5.861, 0.013, 0.000, 0.000, 0.000, 0.000, 0.000, 0.000, 369.341, 0.000, 0.000, 0.000, 0.000, 0.000, 52.942, 0.000, 0.000, 0.000, 0.000, 0.000, 190.596, 0.000, 0.000, 0.000, 0.000, 0.000, 85.699, 0.000, 0.000, 0.000, 0.000, 414.056, 0.011
5.801, 0.013, 0.000, 0.000, 0.000, 0.000, 0.000, 0.000, 369.826, 0.000, 0.000, 0.000, 0.000, 0.000, 39.818, 0.000, 0.000, 0.000, 0.000, 0.000, 189.014, 0.000, 0.000, 0.000, 0.000, 0.000, 85.954, 0.000, 0.000, 0.000, 0.000, 420.881, 0.012
5.797, 0.013, 0.000, 0.000, 0.000, 0.000, 0.000, 0.000, 376.304, 0.000, 0.000, 0.000, 0.000, 0.000, 38.884, 0.000, 0.000, 0.000, 0.000, 0.000, 187.738, 0.000, 0.000, 0.000, 0.000, 0.000, 89.907, 0.000, 0.000, 0.000, 0.000, 419.804, 0.010
6.348, 0.013, 0.000, 0.000, 0.000, 0.000, 0.000, 0.000, 407.989, 0.000, 0.000, 0.000, 0.000, 0.000, 39.278, 0.000, 0.000, 0.000, 0.000, 0.000, 188.782, 0.000, 0.000, 0.000, 0.000, 0.000, 85.511, 0.000, 0.000, 0.000, 0.000, 423.769, 0.012
5.940, 0.013, 0.000, 0.000, 0.000, 0.000, 0.000, 0.000, 373.635, 0.000, 0.000, 0.000, 0.000, 0.000, 39.224, 0.000, 0.000, 0.000, 0.000, 0.000, 187.522, 0.000, 0.000, 0.000, 0.000, 0.000, 86.881, 0.000, 0.000, 0.000, 0.000, 424.500, 0.014
5.772, 0.013, 0.000, 0.000, 0.000, 0.000, 0.000, 0.000, 370.032, 0.000, 0.000, 0.000, 0.000, 0.000, 38.907, 0.000, 0.000, 0.000, 0.000, 0.000, 187.074, 0.000, 0.000, 0.000, 0.000, 0.000, 85.806, 0.000, 0.000, 0.000, 0.000, 419.762, 0.011
Running benchmark for /home/pei/Project/benchmarks/imdb_job-postgres/queries/16d.sql...
6.683, 0.000, 0.000, 0.000, 0.000, 0.006, 0.016, 0.000, 372.218, 0.036, 0.031, 0.359, 0.017, 0.147, 38.623, 0.039, 0.028, 0.718, 0.041, 0.150, 182.117, 0.034, 0.028, 0.339, 0.019, 0.131, 85.142, 0.030, 0.016, 0.007, 0.000, 312.899, 0.011
6.844, 0.014, 0.000, 0.000, 0.000, 0.000, 0.000, 0.000, 368.987, 0.000, 0.000, 0.000, 0.000, 0.000, 38.613, 0.000, 0.000, 0.000, 0.000, 0.000, 180.907, 0.000, 0.000, 0.000, 0.000, 0.000, 82.893, 0.000, 0.000, 0.000, 0.000, 317.295, 0.010
6.765, 0.014, 0.000, 0.000, 0.000, 0.000, 0.000, 0.000, 368.868, 0.000, 0.000, 0.000, 0.000, 0.000, 53.599, 0.000, 0.000, 0.000, 0.000, 0.000, 180.925, 0.000, 0.000, 0.000, 0.000, 0.000, 80.536, 0.000, 0.000, 0.000, 0.000, 304.312, 0.010
6.643, 0.014, 0.000, 0.000, 0.000, 0.000, 0.000, 0.000, 366.822, 0.000, 0.000, 0.000, 0.000, 0.000, 39.848, 0.000, 0.000, 0.000, 0.000, 0.000, 181.310, 0.000, 0.000, 0.000, 0.000, 0.000, 79.988, 0.000, 0.000, 0.000, 0.000, 311.666, 0.011
6.801, 0.014, 0.000, 0.000, 0.000, 0.000, 0.000, 0.000, 368.998, 0.000, 0.000, 0.000, 0.000, 0.000, 39.345, 0.000, 0.000, 0.000, 0.000, 0.000, 180.489, 0.000, 0.000, 0.000, 0.000, 0.000, 80.165, 0.000, 0.000, 0.000, 0.000, 312.756, 0.011
6.813, 0.014, 0.000, 0.000, 0.000, 0.000, 0.000, 0.000, 369.717, 0.000, 0.000, 0.000, 0.000, 0.000, 39.622, 0.000, 0.000, 0.000, 0.000, 0.000, 181.233, 0.000, 0.000, 0.000, 0.000, 0.000, 80.098, 0.000, 0.000, 0.000, 0.000, 310.789, 0.012
6.986, 0.014, 0.000, 0.000, 0.000, 0.000, 0.000, 0.000, 370.090, 0.000, 0.000, 0.000, 0.000, 0.000, 39.576, 0.000, 0.000, 0.000, 0.000, 0.000, 180.827, 0.000, 0.000, 0.000, 0.000, 0.000, 80.609, 0.000, 0.000, 0.000, 0.000, 320.419, 0.011
6.591, 0.014, 0.000, 0.000, 0.000, 0.000, 0.000, 0.000, 366.132, 0.000, 0.000, 0.000, 0.000, 0.000, 39.221, 0.000, 0.000, 0.000, 0.000, 0.000, 181.373, 0.000, 0.000, 0.000, 0.000, 0.000, 80.233, 0.000, 0.000, 0.000, 0.000, 314.724, 0.011
Running benchmark for /home/pei/Project/benchmarks/imdb_job-postgres/queries/17a.sql...
6.583, 0.000, 0.000, 0.000, 0.000, 0.006, 0.016, 0.000, 370.263, 0.036, 0.029, 0.355, 0.017, 0.203, 38.235, 0.053, 0.027, 0.617, 0.040, 0.100, 100.770, 0.027, 0.022, 0.327, 0.018, 0.123, 67.888, 0.037, 0.022, 0.009, 0.000, 45207.509, 0.027
6.882, 0.014, 0.000, 0.000, 0.000, 0.000, 0.000, 0.000, 374.640, 0.000, 0.000, 0.000, 0.000, 0.000, 52.350, 0.000, 0.000, 0.000, 0.000, 0.000, 100.839, 0.000, 0.000, 0.000, 0.000, 0.000, 67.250, 0.000, 0.000, 0.000, 0.000, 3560.385, 0.012
6.706, 0.014, 0.000, 0.000, 0.000, 0.000, 0.000, 0.000, 368.128, 0.000, 0.000, 0.000, 0.000, 0.000, 68.900, 0.000, 0.000, 0.000, 0.000, 0.000, 100.976, 0.000, 0.000, 0.000, 0.000, 0.000, 67.823, 0.000, 0.000, 0.000, 0.000, 3554.035, 0.011
6.820, 0.014, 0.000, 0.000, 0.000, 0.000, 0.000, 0.000, 367.984, 0.000, 0.000, 0.000, 0.000, 0.000, 38.624, 0.000, 0.000, 0.000, 0.000, 0.000, 102.008, 0.000, 0.000, 0.000, 0.000, 0.000, 67.888, 0.000, 0.000, 0.000, 0.000, 3551.907, 0.012
6.797, 0.014, 0.000, 0.000, 0.000, 0.000, 0.000, 0.000, 369.215, 0.000, 0.000, 0.000, 0.000, 0.000, 38.189, 0.000, 0.000, 0.000, 0.000, 0.000, 101.501, 0.000, 0.000, 0.000, 0.000, 0.000, 67.346, 0.000, 0.000, 0.000, 0.000, 3593.026, 0.015
6.667, 0.013, 0.000, 0.000, 0.000, 0.000, 0.000, 0.000, 368.435, 0.000, 0.000, 0.000, 0.000, 0.000, 38.778, 0.000, 0.000, 0.000, 0.000, 0.000, 101.588, 0.000, 0.000, 0.000, 0.000, 0.000, 67.965, 0.000, 0.000, 0.000, 0.000, 3518.669, 0.012
263.771, 0.045, 0.000, 0.000, 0.000, 0.000, 0.000, 0.000, 406.029, 0.000, 0.000, 0.000, 0.000, 0.000, 38.618, 0.000, 0.000, 0.000, 0.000, 0.000, 101.830, 0.000, 0.000, 0.000, 0.000, 0.000, 68.637, 0.000, 0.000, 0.000, 0.000, 3537.882, 0.012
6.681, 0.013, 0.000, 0.000, 0.000, 0.000, 0.000, 0.000, 365.104, 0.000, 0.000, 0.000, 0.000, 0.000, 38.322, 0.000, 0.000, 0.000, 0.000, 0.000, 100.699, 0.000, 0.000, 0.000, 0.000, 0.000, 68.067, 0.000, 0.000, 0.000, 0.000, 3517.758, 0.027
Running benchmark for /home/pei/Project/benchmarks/imdb_job-postgres/queries/17b.sql...
4.799, 0.000, 0.000, 0.000, 0.000, 0.005, 0.015, 0.000, 62.979, 0.036, 0.030, 0.664, 0.020, 0.231, 64.424, 0.037, 0.028, 0.362, 0.023, 0.160, 294.352, 0.036, 0.024, 0.009, 0.000, 438.597, 0.011
4.590, 0.015, 0.000, 0.000, 0.000, 0.000, 0.000, 0.000, 53.132, 0.000, 0.000, 0.000, 0.000, 0.000, 64.392, 0.000, 0.000, 0.000, 0.000, 0.000, 232.082, 0.000, 0.000, 0.000, 0.000, 204.543, 0.013
4.700, 0.013, 0.000, 0.000, 0.000, 0.000, 0.000, 0.000, 52.987, 0.000, 0.000, 0.000, 0.000, 0.000, 64.471, 0.000, 0.000, 0.000, 0.000, 0.000, 230.087, 0.000, 0.000, 0.000, 0.000, 194.796, 0.012
4.583, 0.013, 0.000, 0.000, 0.000, 0.000, 0.000, 0.000, 40.205, 0.000, 0.000, 0.000, 0.000, 0.000, 64.816, 0.000, 0.000, 0.000, 0.000, 0.000, 225.952, 0.000, 0.000, 0.000, 0.000, 183.104, 0.025
4.508, 0.013, 0.000, 0.000, 0.000, 0.000, 0.000, 0.000, 39.917, 0.000, 0.000, 0.000, 0.000, 0.000, 64.113, 0.000, 0.000, 0.000, 0.000, 0.000, 231.544, 0.000, 0.000, 0.000, 0.000, 173.486, 0.012
4.509, 0.013, 0.000, 0.000, 0.000, 0.000, 0.000, 0.000, 52.471, 0.000, 0.000, 0.000, 0.000, 0.000, 63.850, 0.000, 0.000, 0.000, 0.000, 0.000, 228.744, 0.000, 0.000, 0.000, 0.000, 194.853, 0.026
4.558, 0.013, 0.000, 0.000, 0.000, 0.000, 0.000, 0.000, 39.106, 0.000, 0.000, 0.000, 0.000, 0.000, 63.367, 0.000, 0.000, 0.000, 0.000, 0.000, 231.043, 0.000, 0.000, 0.000, 0.000, 155.054, 0.012
4.610, 0.013, 0.000, 0.000, 0.000, 0.000, 0.000, 0.000, 40.560, 0.000, 0.000, 0.000, 0.000, 0.000, 64.110, 0.000, 0.000, 0.000, 0.000, 0.000, 227.847, 0.000, 0.000, 0.000, 0.000, 168.338, 0.014
Running benchmark for /home/pei/Project/benchmarks/imdb_job-postgres/queries/17c.sql...
3.095, 0.000, 0.000, 0.000, 0.000, 0.006, 0.016, 0.000, 28.338, 0.029, 0.025, 0.626, 0.017, 0.219, 52.029, 0.025, 0.022, 0.346, 0.023, 0.148, 222.620, 0.035, 0.025, 0.008, 0.000, 234.766, 0.048
3.043, 0.014, 0.000, 0.000, 0.000, 0.000, 0.000, 0.000, 28.578, 0.000, 0.000, 0.000, 0.000, 0.000, 52.325, 0.000, 0.000, 0.000, 0.000, 0.000, 237.955, 0.000, 0.000, 0.000, 0.000, 146.771, 0.010
2.972, 0.014, 0.000, 0.000, 0.000, 0.000, 0.000, 0.000, 28.164, 0.000, 0.000, 0.000, 0.000, 0.000, 52.407, 0.000, 0.000, 0.000, 0.000, 0.000, 220.533, 0.000, 0.000, 0.000, 0.000, 130.142, 0.037
3.121, 0.013, 0.000, 0.000, 0.000, 0.000, 0.000, 0.000, 27.845, 0.000, 0.000, 0.000, 0.000, 0.000, 51.415, 0.000, 0.000, 0.000, 0.000, 0.000, 222.240, 0.000, 0.000, 0.000, 0.000, 128.053, 0.013
3.040, 0.014, 0.000, 0.000, 0.000, 0.000, 0.000, 0.000, 28.115, 0.000, 0.000, 0.000, 0.000, 0.000, 52.460, 0.000, 0.000, 0.000, 0.000, 0.000, 226.858, 0.000, 0.000, 0.000, 0.000, 130.947, 0.011
3.040, 0.014, 0.000, 0.000, 0.000, 0.000, 0.000, 0.000, 35.346, 0.000, 0.000, 0.000, 0.000, 0.000, 50.792, 0.000, 0.000, 0.000, 0.000, 0.000, 223.631, 0.000, 0.000, 0.000, 0.000, 155.999, 0.011
3.038, 0.013, 0.000, 0.000, 0.000, 0.000, 0.000, 0.000, 27.135, 0.000, 0.000, 0.000, 0.000, 0.000, 51.615, 0.000, 0.000, 0.000, 0.000, 0.000, 221.973, 0.000, 0.000, 0.000, 0.000, 113.082, 0.011
2.945, 0.014, 0.000, 0.000, 0.000, 0.000, 0.000, 0.000, 28.358, 0.000, 0.000, 0.000, 0.000, 0.000, 52.194, 0.000, 0.000, 0.000, 0.000, 0.000, 221.906, 0.000, 0.000, 0.000, 0.000, 127.241, 0.015
Running benchmark for /home/pei/Project/benchmarks/imdb_job-postgres/queries/17d.sql...
9.572, 0.000, 0.000, 0.000, 0.000, 0.025, 0.074, 0.000, 58.584, 0.033, 0.028, 0.714, 0.022, 0.193, 51.761, 0.028, 0.025, 0.346, 0.022, 0.150, 221.279, 0.036, 0.024, 0.008, 0.000, 2978.124, 0.016
3.171, 0.014, 0.000, 0.000, 0.000, 0.000, 0.000, 0.000, 27.767, 0.000, 0.000, 0.000, 0.000, 0.000, 51.002, 0.000, 0.000, 0.000, 0.000, 0.000, 221.411, 0.000, 0.000, 0.000, 0.000, 191.572, 0.013
2.956, 0.013, 0.000, 0.000, 0.000, 0.000, 0.000, 0.000, 29.512, 0.000, 0.000, 0.000, 0.000, 0.000, 53.612, 0.000, 0.000, 0.000, 0.000, 0.000, 228.025, 0.000, 0.000, 0.000, 0.000, 165.707, 0.025
3.054, 0.014, 0.000, 0.000, 0.000, 0.000, 0.000, 0.000, 28.636, 0.000, 0.000, 0.000, 0.000, 0.000, 51.699, 0.000, 0.000, 0.000, 0.000, 0.000, 221.981, 0.000, 0.000, 0.000, 0.000, 153.451, 0.012
3.081, 0.012, 0.000, 0.000, 0.000, 0.000, 0.000, 0.000, 28.012, 0.000, 0.000, 0.000, 0.000, 0.000, 51.341, 0.000, 0.000, 0.000, 0.000, 0.000, 221.982, 0.000, 0.000, 0.000, 0.000, 163.983, 0.011
3.145, 0.013, 0.000, 0.000, 0.000, 0.000, 0.000, 0.000, 27.026, 0.000, 0.000, 0.000, 0.000, 0.000, 50.351, 0.000, 0.000, 0.000, 0.000, 0.000, 225.425, 0.000, 0.000, 0.000, 0.000, 178.357, 0.010
3.045, 0.013, 0.000, 0.000, 0.000, 0.000, 0.000, 0.000, 27.114, 0.000, 0.000, 0.000, 0.000, 0.000, 51.388, 0.000, 0.000, 0.000, 0.000, 0.000, 226.259, 0.000, 0.000, 0.000, 0.000, 146.387, 0.011
3.034, 0.013, 0.000, 0.000, 0.000, 0.000, 0.000, 0.000, 28.440, 0.000, 0.000, 0.000, 0.000, 0.000, 52.577, 0.000, 0.000, 0.000, 0.000, 0.000, 220.050, 0.000, 0.000, 0.000, 0.000, 172.824, 0.042
Running benchmark for /home/pei/Project/benchmarks/imdb_job-postgres/queries/17e.sql...
3.929, 0.000, 0.000, 0.000, 0.000, 0.008, 0.022, 0.000, 376.102, 0.036, 0.029, 0.343, 0.017, 0.202, 26.727, 0.029, 0.023, 0.645, 0.024, 0.110, 106.448, 0.040, 0.019, 0.380, 0.033, 0.103, 56.086, 0.034, 0.020, 0.007, 0.000, 3814.984, 0.025
3.113, 0.014, 0.000, 0.000, 0.000, 0.000, 0.000, 0.000, 387.403, 0.000, 0.000, 0.000, 0.000, 0.000, 27.068, 0.000, 0.000, 0.000, 0.000, 0.000, 99.405, 0.000, 0.000, 0.000, 0.000, 0.000, 56.424, 0.000, 0.000, 0.000, 0.000, 3803.443, 0.024
234.314, 0.047, 0.000, 0.000, 0.000, 0.000, 0.000, 0.000, 425.088, 0.000, 0.000, 0.000, 0.000, 0.000, 26.927, 0.000, 0.000, 0.000, 0.000, 0.000, 102.456, 0.000, 0.000, 0.000, 0.000, 0.000, 56.284, 0.000, 0.000, 0.000, 0.000, 3798.655, 0.038
3.150, 0.013, 0.000, 0.000, 0.000, 0.000, 0.000, 0.000, 371.392, 0.000, 0.000, 0.000, 0.000, 0.000, 26.651, 0.000, 0.000, 0.000, 0.000, 0.000, 100.014, 0.000, 0.000, 0.000, 0.000, 0.000, 56.116, 0.000, 0.000, 0.000, 0.000, 3811.315, 0.012
3.034, 0.013, 0.000, 0.000, 0.000, 0.000, 0.000, 0.000, 373.761, 0.000, 0.000, 0.000, 0.000, 0.000, 26.995, 0.000, 0.000, 0.000, 0.000, 0.000, 101.661, 0.000, 0.000, 0.000, 0.000, 0.000, 55.560, 0.000, 0.000, 0.000, 0.000, 3791.245, 0.027
3.083, 0.013, 0.000, 0.000, 0.000, 0.000, 0.000, 0.000, 373.131, 0.000, 0.000, 0.000, 0.000, 0.000, 26.600, 0.000, 0.000, 0.000, 0.000, 0.000, 99.558, 0.000, 0.000, 0.000, 0.000, 0.000, 56.080, 0.000, 0.000, 0.000, 0.000, 3791.230, 0.011
3.016, 0.013, 0.000, 0.000, 0.000, 0.000, 0.000, 0.000, 369.686, 0.000, 0.000, 0.000, 0.000, 0.000, 26.948, 0.000, 0.000, 0.000, 0.000, 0.000, 102.661, 0.000, 0.000, 0.000, 0.000, 0.000, 56.326, 0.000, 0.000, 0.000, 0.000, 3774.077, 0.040
3.011, 0.013, 0.000, 0.000, 0.000, 0.000, 0.000, 0.000, 367.643, 0.000, 0.000, 0.000, 0.000, 0.000, 26.580, 0.000, 0.000, 0.000, 0.000, 0.000, 99.424, 0.000, 0.000, 0.000, 0.000, 0.000, 56.054, 0.000, 0.000, 0.000, 0.000, 3802.115, 0.026
Running benchmark for /home/pei/Project/benchmarks/imdb_job-postgres/queries/17f.sql...
4.587, 0.000, 0.000, 0.000, 0.000, 0.006, 0.016, 0.000, 38.118, 0.037, 0.030, 0.771, 0.019, 0.161, 63.708, 0.039, 0.028, 0.367, 0.023, 0.135, 226.779, 0.036, 0.024, 0.009, 0.000, 4761.296, 0.027
5.078, 0.014, 0.000, 0.000, 0.000, 0.000, 0.000, 0.000, 56.856, 0.000, 0.000, 0.000, 0.000, 0.000, 64.239, 0.000, 0.000, 0.000, 0.000, 0.000, 228.622, 0.000, 0.000, 0.000, 0.000, 2912.603, 0.011
4.620, 0.013, 0.000, 0.000, 0.000, 0.000, 0.000, 0.000, 40.538, 0.000, 0.000, 0.000, 0.000, 0.000, 64.700, 0.000, 0.000, 0.000, 0.000, 0.000, 224.003, 0.000, 0.000, 0.000, 0.000, 2880.731, 0.027
4.638, 0.013, 0.000, 0.000, 0.000, 0.000, 0.000, 0.000, 38.511, 0.000, 0.000, 0.000, 0.000, 0.000, 64.683, 0.000, 0.000, 0.000, 0.000, 0.000, 224.175, 0.000, 0.000, 0.000, 0.000, 2864.450, 0.012
4.594, 0.028, 0.000, 0.000, 0.000, 0.000, 0.000, 0.000, 39.466, 0.000, 0.000, 0.000, 0.000, 0.000, 64.345, 0.000, 0.000, 0.000, 0.000, 0.000, 225.622, 0.000, 0.000, 0.000, 0.000, 2895.095, 0.012
4.933, 0.013, 0.000, 0.000, 0.000, 0.000, 0.000, 0.000, 40.930, 0.000, 0.000, 0.000, 0.000, 0.000, 65.186, 0.000, 0.000, 0.000, 0.000, 0.000, 1429.458, 0.000, 0.000, 0.000, 0.000, 2896.899, 0.027
4.636, 0.012, 0.000, 0.000, 0.000, 0.000, 0.000, 0.000, 37.903, 0.000, 0.000, 0.000, 0.000, 0.000, 63.594, 0.000, 0.000, 0.000, 0.000, 0.000, 229.070, 0.000, 0.000, 0.000, 0.000, 2870.456, 0.011
4.608, 0.013, 0.000, 0.000, 0.000, 0.000, 0.000, 0.000, 40.033, 0.000, 0.000, 0.000, 0.000, 0.000, 64.199, 0.000, 0.000, 0.000, 0.000, 0.000, 227.889, 0.000, 0.000, 0.000, 0.000, 2880.678, 0.012
Running benchmark for /home/pei/Project/benchmarks/imdb_job-postgres/queries/18a.sql...
3.310, 0.000, 0.000, 0.000, 0.000, 0.006, 0.016, 0.000, 120.269, 0.036, 0.032, 0.355, 0.017, 0.208, 120.521, 0.037, 0.029, 0.653, 0.025, 0.129, 137.120, 0.033, 0.028, 0.410, 0.034, 0.132, 594.495, 0.029, 0.027, 0.012, 0.000, 1968.167, 0.012
3.205, 0.013, 0.000, 0.000, 0.000, 0.000, 0.000, 0.000, 130.750, 0.000, 0.000, 0.000, 0.000, 0.000, 97.773, 0.000, 0.000, 0.000, 0.000, 0.000, 131.004, 0.000, 0.000, 0.000, 0.000, 0.000, 287.543, 0.000, 0.000, 0.000, 0.000, 180.026, 0.011
3.223, 0.013, 0.000, 0.000, 0.000, 0.000, 0.000, 0.000, 115.282, 0.000, 0.000, 0.000, 0.000, 0.000, 90.935, 0.000, 0.000, 0.000, 0.000, 0.000, 135.074, 0.000, 0.000, 0.000, 0.000, 0.000, 287.765, 0.000, 0.000, 0.000, 0.000, 174.811, 0.011
3.286, 0.013, 0.000, 0.000, 0.000, 0.000, 0.000, 0.000, 118.748, 0.000, 0.000, 0.000, 0.000, 0.000, 88.730, 0.000, 0.000, 0.000, 0.000, 0.000, 129.308, 0.000, 0.000, 0.000, 0.000, 0.000, 283.952, 0.000, 0.000, 0.000, 0.000, 188.299, 0.012
3.117, 0.013, 0.000, 0.000, 0.000, 0.000, 0.000, 0.000, 115.549, 0.000, 0.000, 0.000, 0.000, 0.000, 92.448, 0.000, 0.000, 0.000, 0.000, 0.000, 135.106, 0.000, 0.000, 0.000, 0.000, 0.000, 290.029, 0.000, 0.000, 0.000, 0.000, 181.327, 0.011
3.256, 0.013, 0.000, 0.000, 0.000, 0.000, 0.000, 0.000, 123.198, 0.000, 0.000, 0.000, 0.000, 0.000, 92.973, 0.000, 0.000, 0.000, 0.000, 0.000, 134.882, 0.000, 0.000, 0.000, 0.000, 0.000, 298.730, 0.000, 0.000, 0.000, 0.000, 191.678, 0.012
3.199, 0.013, 0.000, 0.000, 0.000, 0.000, 0.000, 0.000, 117.588, 0.000, 0.000, 0.000, 0.000, 0.000, 90.709, 0.000, 0.000, 0.000, 0.000, 0.000, 132.164, 0.000, 0.000, 0.000, 0.000, 0.000, 286.056, 0.000, 0.000, 0.000, 0.000, 176.068, 0.014
3.245, 0.014, 0.000, 0.000, 0.000, 0.000, 0.000, 0.000, 115.699, 0.000, 0.000, 0.000, 0.000, 0.000, 93.581, 0.000, 0.000, 0.000, 0.000, 0.000, 130.630, 0.000, 0.000, 0.000, 0.000, 0.000, 285.321, 0.000, 0.000, 0.000, 0.000, 188.431, 0.014
Running benchmark for /home/pei/Project/benchmarks/imdb_job-postgres/queries/18b.sql...
9.197, 0.000, 0.000, 0.000, 0.000, 0.007, 0.018, 0.000, 60.916, 0.031, 0.034, 0.770, 0.036, 0.208, 174.759, 0.033, 0.033, 0.503, 0.030, 0.216, 151.700, 0.038, 0.037, 0.013, 0.000, 47.541, 0.012
9.352, 0.014, 0.000, 0.000, 0.000, 0.000, 0.000, 0.000, 61.427, 0.000, 0.000, 0.000, 0.000, 0.000, 178.205, 0.000, 0.000, 0.000, 0.000, 0.000, 151.927, 0.000, 0.000, 0.000, 0.000, 29.695, 0.027
9.187, 0.013, 0.000, 0.000, 0.000, 0.000, 0.000, 0.000, 61.444, 0.000, 0.000, 0.000, 0.000, 0.000, 173.916, 0.000, 0.000, 0.000, 0.000, 0.000, 158.594, 0.000, 0.000, 0.000, 0.000, 29.588, 0.012
9.298, 0.013, 0.000, 0.000, 0.000, 0.000, 0.000, 0.000, 60.545, 0.000, 0.000, 0.000, 0.000, 0.000, 173.537, 0.000, 0.000, 0.000, 0.000, 0.000, 150.764, 0.000, 0.000, 0.000, 0.000, 29.691, 0.012
9.288, 0.014, 0.000, 0.000, 0.000, 0.000, 0.000, 0.000, 61.551, 0.000, 0.000, 0.000, 0.000, 0.000, 174.321, 0.000, 0.000, 0.000, 0.000, 0.000, 148.350, 0.000, 0.000, 0.000, 0.000, 29.682, 0.012
9.408, 0.014, 0.000, 0.000, 0.000, 0.000, 0.000, 0.000, 61.506, 0.000, 0.000, 0.000, 0.000, 0.000, 177.210, 0.000, 0.000, 0.000, 0.000, 0.000, 154.458, 0.000, 0.000, 0.000, 0.000, 30.032, 0.012
9.275, 0.015, 0.000, 0.000, 0.000, 0.000, 0.000, 0.000, 61.307, 0.000, 0.000, 0.000, 0.000, 0.000, 175.106, 0.000, 0.000, 0.000, 0.000, 0.000, 148.972, 0.000, 0.000, 0.000, 0.000, 29.453, 0.016
9.449, 0.013, 0.000, 0.000, 0.000, 0.000, 0.000, 0.000, 61.686, 0.000, 0.000, 0.000, 0.000, 0.000, 174.087, 0.000, 0.000, 0.000, 0.000, 0.000, 148.447, 0.000, 0.000, 0.000, 0.000, 29.556, 0.012
Running benchmark for /home/pei/Project/benchmarks/imdb_job-postgres/queries/18c.sql...
6.790, 0.000, 0.000, 0.000, 0.000, 0.006, 0.017, 0.000, 113.147, 0.035, 0.036, 0.350, 0.019, 0.295, 235.695, 0.048, 0.031, 0.686, 0.040, 0.110, 127.782, 0.036, 0.029, 0.011, 0.000, 7794.755, 0.027
6.871, 0.014, 0.000, 0.000, 0.000, 0.000, 0.000, 0.000, 112.264, 0.000, 0.000, 0.000, 0.000, 0.000, 238.551, 0.000, 0.000, 0.000, 0.000, 0.000, 125.165, 0.000, 0.000, 0.000, 0.000, 6527.177, 0.024
6.820, 0.014, 0.000, 0.000, 0.000, 0.000, 0.000, 0.000, 110.923, 0.000, 0.000, 0.000, 0.000, 0.000, 228.149, 0.000, 0.000, 0.000, 0.000, 0.000, 126.284, 0.000, 0.000, 0.000, 0.000, 6455.682, 0.011
6.840, 0.013, 0.000, 0.000, 0.000, 0.000, 0.000, 0.000, 112.018, 0.000, 0.000, 0.000, 0.000, 0.000, 225.741, 0.000, 0.000, 0.000, 0.000, 0.000, 122.390, 0.000, 0.000, 0.000, 0.000, 6442.636, 0.025
6.945, 0.013, 0.000, 0.000, 0.000, 0.000, 0.000, 0.000, 111.936, 0.000, 0.000, 0.000, 0.000, 0.000, 226.409, 0.000, 0.000, 0.000, 0.000, 0.000, 127.449, 0.000, 0.000, 0.000, 0.000, 6459.522, 0.039
6.850, 0.014, 0.000, 0.000, 0.000, 0.000, 0.000, 0.000, 111.595, 0.000, 0.000, 0.000, 0.000, 0.000, 229.372, 0.000, 0.000, 0.000, 0.000, 0.000, 126.049, 0.000, 0.000, 0.000, 0.000, 6398.951, 0.025
6.802, 0.013, 0.000, 0.000, 0.000, 0.000, 0.000, 0.000, 110.572, 0.000, 0.000, 0.000, 0.000, 0.000, 225.338, 0.000, 0.000, 0.000, 0.000, 0.000, 123.619, 0.000, 0.000, 0.000, 0.000, 6408.875, 0.027
6.960, 0.013, 0.000, 0.000, 0.000, 0.000, 0.000, 0.000, 111.320, 0.000, 0.000, 0.000, 0.000, 0.000, 229.104, 0.000, 0.000, 0.000, 0.000, 0.000, 127.240, 0.000, 0.000, 0.000, 0.000, 6522.576, 0.025
Running benchmark for /home/pei/Project/benchmarks/imdb_job-postgres/queries/19a.sql...
7.376, 0.000, 0.000, 0.000, 0.000, 0.007, 0.020, 0.000, 189.201, 0.036, 0.038, 0.452, 0.019, 0.248, 419.743, 0.035, 0.035, 0.689, 0.032, 0.200, 811.686, 0.036, 0.032, 0.403, 0.019, 0.125, 115.502, 0.034, 0.030, 0.374, 0.033, 0.123, 94.101, 0.035, 0.029, 0.399, 0.034, 0.125, 133.948, 0.035, 0.027, 0.451, 0.020, 0.240, 81.037, 0.035, 0.024, 0.442, 0.034, 0.153, 19.842, 0.035, 0.022, 0.008, 0.000, 121.077, 0.041
7.733, 0.014, 0.000, 0.000, 0.000, 0.000, 0.000, 0.000, 177.494, 0.000, 0.000, 0.000, 0.000, 0.000, 417.513, 0.000, 0.000, 0.000, 0.000, 0.000, 800.305, 0.000, 0.000, 0.000, 0.000, 0.000, 114.226, 0.000, 0.000, 0.000, 0.000, 0.000, 96.004, 0.000, 0.000, 0.000, 0.000, 0.000, 54.379, 0.000, 0.000, 0.000, 0.000, 0.000, 80.776, 0.000, 0.000, 0.000, 0.000, 0.000, 20.310, 0.000, 0.000, 0.000, 0.000, 0.456, 0.024
7.788, 0.014, 0.000, 0.000, 0.000, 0.000, 0.000, 0.000, 192.034, 0.000, 0.000, 0.000, 0.000, 0.000, 417.898, 0.000, 0.000, 0.000, 0.000, 0.000, 799.320, 0.000, 0.000, 0.000, 0.000, 0.000, 111.683, 0.000, 0.000, 0.000, 0.000, 0.000, 89.083, 0.000, 0.000, 0.000, 0.000, 0.000, 54.616, 0.000, 0.000, 0.000, 0.000, 0.000, 81.639, 0.000, 0.000, 0.000, 0.000, 0.000, 19.706, 0.000, 0.000, 0.000, 0.000, 0.439, 0.024
7.651, 0.013, 0.000, 0.000, 0.000, 0.000, 0.000, 0.000, 181.179, 0.000, 0.000, 0.000, 0.000, 0.000, 421.249, 0.000, 0.000, 0.000, 0.000, 0.000, 798.536, 0.000, 0.000, 0.000, 0.000, 0.000, 106.560, 0.000, 0.000, 0.000, 0.000, 0.000, 95.240, 0.000, 0.000, 0.000, 0.000, 0.000, 54.704, 0.000, 0.000, 0.000, 0.000, 0.000, 80.743, 0.000, 0.000, 0.000, 0.000, 0.000, 20.061, 0.000, 0.000, 0.000, 0.000, 0.450, 0.027
7.666, 0.013, 0.000, 0.000, 0.000, 0.000, 0.000, 0.000, 176.851, 0.000, 0.000, 0.000, 0.000, 0.000, 416.755, 0.000, 0.000, 0.000, 0.000, 0.000, 800.019, 0.000, 0.000, 0.000, 0.000, 0.000, 115.024, 0.000, 0.000, 0.000, 0.000, 0.000, 94.242, 0.000, 0.000, 0.000, 0.000, 0.000, 54.733, 0.000, 0.000, 0.000, 0.000, 0.000, 80.497, 0.000, 0.000, 0.000, 0.000, 0.000, 19.766, 0.000, 0.000, 0.000, 0.000, 0.444, 0.039
7.631, 0.013, 0.000, 0.000, 0.000, 0.000, 0.000, 0.000, 180.389, 0.000, 0.000, 0.000, 0.000, 0.000, 424.354, 0.000, 0.000, 0.000, 0.000, 0.000, 796.803, 0.000, 0.000, 0.000, 0.000, 0.000, 114.622, 0.000, 0.000, 0.000, 0.000, 0.000, 95.556, 0.000, 0.000, 0.000, 0.000, 0.000, 54.115, 0.000, 0.000, 0.000, 0.000, 0.000, 81.077, 0.000, 0.000, 0.000, 0.000, 0.000, 20.033, 0.000, 0.000, 0.000, 0.000, 0.449, 0.024
7.639, 0.014, 0.000, 0.000, 0.000, 0.000, 0.000, 0.000, 175.539, 0.000, 0.000, 0.000, 0.000, 0.000, 422.695, 0.000, 0.000, 0.000, 0.000, 0.000, 805.827, 0.000, 0.000, 0.000, 0.000, 0.000, 106.978, 0.000, 0.000, 0.000, 0.000, 0.000, 93.457, 0.000, 0.000, 0.000, 0.000, 0.000, 54.116, 0.000, 0.000, 0.000, 0.000, 0.000, 80.223, 0.000, 0.000, 0.000, 0.000, 0.000, 19.722, 0.000, 0.000, 0.000, 0.000, 0.428, 0.012
8.056, 0.014, 0.000, 0.000, 0.000, 0.000, 0.000, 0.000, 183.532, 0.000, 0.000, 0.000, 0.000, 0.000, 422.882, 0.000, 0.000, 0.000, 0.000, 0.000, 799.980, 0.000, 0.000, 0.000, 0.000, 0.000, 112.441, 0.000, 0.000, 0.000, 0.000, 0.000, 95.298, 0.000, 0.000, 0.000, 0.000, 0.000, 54.896, 0.000, 0.000, 0.000, 0.000, 0.000, 81.225, 0.000, 0.000, 0.000, 0.000, 0.000, 20.034, 0.000, 0.000, 0.000, 0.000, 0.449, 0.039
Running benchmark for /home/pei/Project/benchmarks/imdb_job-postgres/queries/19b.sql...
32.700, 0.000, 0.000, 0.000, 0.000, 0.026, 0.062, 0.000, 675.894, 0.034, 0.041, 0.423, 0.034, 0.230, 133.693, 0.037, 0.037, 0.816, 0.027, 0.133, 50.884, 0.029, 0.033, 0.358, 0.020, 0.139, 35.766, 0.025, 0.028, 0.435, 0.021, 0.211, 26.978, 0.039, 0.033, 0.422, 0.020, 0.176, 0.750, 0.015, 0.015, 0.453, 0.020, 0.139, 20.878, 0.035, 0.027, 0.487, 0.029, 0.148, 0.747, 0.015, 0.012, 0.005, 0.000, 0.266, 0.008
10.372, 0.014, 0.000, 0.000, 0.000, 0.000, 0.000, 0.000, 642.116, 0.000, 0.000, 0.000, 0.000, 0.000, 135.277, 0.000, 0.000, 0.000, 0.000, 0.000, 50.969, 0.000, 0.000, 0.000, 0.000, 0.000, 34.964, 0.000, 0.000, 0.000, 0.000, 0.000, 27.230, 0.000, 0.000, 0.000, 0.000, 0.000, 1.021, 0.000, 0.000, 0.000, 0.000, 0.000, 0.966, 0.000, 0.000, 0.000, 0.000, 0.000, 0.721, 0.000, 0.000, 0.000, 0.000, 0.224, 0.026
10.362, 0.013, 0.000, 0.000, 0.000, 0.000, 0.000, 0.000, 643.549, 0.000, 0.000, 0.000, 0.000, 0.000, 135.667, 0.000, 0.000, 0.000, 0.000, 0.000, 51.780, 0.000, 0.000, 0.000, 0.000, 0.000, 36.491, 0.000, 0.000, 0.000, 0.000, 0.000, 27.421, 0.000, 0.000, 0.000, 0.000, 0.000, 1.003, 0.000, 0.000, 0.000, 0.000, 0.000, 0.968, 0.000, 0.000, 0.000, 0.000, 0.000, 0.694, 0.000, 0.000, 0.000, 0.000, 0.225, 0.026
10.406, 0.014, 0.000, 0.000, 0.000, 0.000, 0.000, 0.000, 642.103, 0.000, 0.000, 0.000, 0.000, 0.000, 137.928, 0.000, 0.000, 0.000, 0.000, 0.000, 50.946, 0.000, 0.000, 0.000, 0.000, 0.000, 35.212, 0.000, 0.000, 0.000, 0.000, 0.000, 26.746, 0.000, 0.000, 0.000, 0.000, 0.000, 0.981, 0.000, 0.000, 0.000, 0.000, 0.000, 0.926, 0.000, 0.000, 0.000, 0.000, 0.000, 0.735, 0.000, 0.000, 0.000, 0.000, 0.222, 0.026
10.635, 0.013, 0.000, 0.000, 0.000, 0.000, 0.000, 0.000, 641.977, 0.000, 0.000, 0.000, 0.000, 0.000, 130.196, 0.000, 0.000, 0.000, 0.000, 0.000, 51.278, 0.000, 0.000, 0.000, 0.000, 0.000, 36.394, 0.000, 0.000, 0.000, 0.000, 0.000, 27.584, 0.000, 0.000, 0.000, 0.000, 0.000, 0.987, 0.000, 0.000, 0.000, 0.000, 0.000, 1.030, 0.000, 0.000, 0.000, 0.000, 0.000, 0.712, 0.000, 0.000, 0.000, 0.000, 0.224, 0.026
10.214, 0.014, 0.000, 0.000, 0.000, 0.000, 0.000, 0.000, 642.466, 0.000, 0.000, 0.000, 0.000, 0.000, 134.031, 0.000, 0.000, 0.000, 0.000, 0.000, 51.207, 0.000, 0.000, 0.000, 0.000, 0.000, 36.103, 0.000, 0.000, 0.000, 0.000, 0.000, 27.698, 0.000, 0.000, 0.000, 0.000, 0.000, 0.946, 0.000, 0.000, 0.000, 0.000, 0.000, 0.958, 0.000, 0.000, 0.000, 0.000, 0.000, 0.694, 0.000, 0.000, 0.000, 0.000, 0.199, 0.010
10.252, 0.014, 0.000, 0.000, 0.000, 0.000, 0.000, 0.000, 641.046, 0.000, 0.000, 0.000, 0.000, 0.000, 134.451, 0.000, 0.000, 0.000, 0.000, 0.000, 48.961, 0.000, 0.000, 0.000, 0.000, 0.000, 35.705, 0.000, 0.000, 0.000, 0.000, 0.000, 26.665, 0.000, 0.000, 0.000, 0.000, 0.000, 1.087, 0.000, 0.000, 0.000, 0.000, 0.000, 1.002, 0.000, 0.000, 0.000, 0.000, 0.000, 0.712, 0.000, 0.000, 0.000, 0.000, 0.225, 0.026
10.171, 0.014, 0.000, 0.000, 0.000, 0.000, 0.000, 0.000, 911.196, 0.000, 0.000, 0.000, 0.000, 0.000, 139.814, 0.000, 0.000, 0.000, 0.000, 0.000, 50.269, 0.000, 0.000, 0.000, 0.000, 0.000, 36.251, 0.000, 0.000, 0.000, 0.000, 0.000, 27.348, 0.000, 0.000, 0.000, 0.000, 0.000, 0.977, 0.000, 0.000, 0.000, 0.000, 0.000, 0.975, 0.000, 0.000, 0.000, 0.000, 0.000, 0.753, 0.000, 0.000, 0.000, 0.000, 0.193, 0.026
Running benchmark for /home/pei/Project/benchmarks/imdb_job-postgres/queries/19c.sql...
11.541, 0.000, 0.000, 0.000, 0.000, 0.006, 0.016, 0.000, 372.132, 0.037, 0.039, 0.445, 0.018, 0.253, 422.967, 0.038, 0.034, 0.397, 0.020, 0.213, 801.962, 0.038, 0.038, 0.419, 0.034, 0.127, 108.749, 0.035, 0.032, 0.404, 0.034, 0.129, 96.827, 0.034, 0.031, 0.413, 0.035, 0.152, 231.258, 0.034, 0.028, 0.432, 0.035, 0.154, 55.788, 0.036, 0.023, 0.371, 0.016, 0.187, 131.664, 0.034, 0.021, 0.006, 0.000, 471.301, 0.053
12.071, 0.014, 0.000, 0.000, 0.000, 0.000, 0.000, 0.000, 379.310, 0.000, 0.000, 0.000, 0.000, 0.000, 421.173, 0.000, 0.000, 0.000, 0.000, 0.000, 800.103, 0.000, 0.000, 0.000, 0.000, 0.000, 107.530, 0.000, 0.000, 0.000, 0.000, 0.000, 94.209, 0.000, 0.000, 0.000, 0.000, 0.000, 230.826, 0.000, 0.000, 0.000, 0.000, 0.000, 55.304, 0.000, 0.000, 0.000, 0.000, 0.000, 128.311, 0.000, 0.000, 0.000, 0.000, 2.018, 0.024
12.039, 0.014, 0.000, 0.000, 0.000, 0.000, 0.000, 0.000, 372.408, 0.000, 0.000, 0.000, 0.000, 0.000, 413.642, 0.000, 0.000, 0.000, 0.000, 0.000, 800.180, 0.000, 0.000, 0.000, 0.000, 0.000, 107.644, 0.000, 0.000, 0.000, 0.000, 0.000, 95.885, 0.000, 0.000, 0.000, 0.000, 0.000, 230.370, 0.000, 0.000, 0.000, 0.000, 0.000, 57.229, 0.000, 0.000, 0.000, 0.000, 0.000, 124.200, 0.000, 0.000, 0.000, 0.000, 1.972, 0.027
12.102, 0.013, 0.000, 0.000, 0.000, 0.000, 0.000, 0.000, 378.161, 0.000, 0.000, 0.000, 0.000, 0.000, 422.087, 0.000, 0.000, 0.000, 0.000, 0.000, 800.272, 0.000, 0.000, 0.000, 0.000, 0.000, 106.219, 0.000, 0.000, 0.000, 0.000, 0.000, 95.133, 0.000, 0.000, 0.000, 0.000, 0.000, 232.075, 0.000, 0.000, 0.000, 0.000, 0.000, 55.302, 0.000, 0.000, 0.000, 0.000, 0.000, 131.141, 0.000, 0.000, 0.000, 0.000, 2.002, 0.024
12.182, 0.013, 0.000, 0.000, 0.000, 0.000, 0.000, 0.000, 374.108, 0.000, 0.000, 0.000, 0.000, 0.000, 413.448, 0.000, 0.000, 0.000, 0.000, 0.000, 799.030, 0.000, 0.000, 0.000, 0.000, 0.000, 107.584, 0.000, 0.000, 0.000, 0.000, 0.000, 94.340, 0.000, 0.000, 0.000, 0.000, 0.000, 230.836, 0.000, 0.000, 0.000, 0.000, 0.000, 55.699, 0.000, 0.000, 0.000, 0.000, 0.000, 128.357, 0.000, 0.000, 0.000, 0.000, 1.991, 0.023
12.146, 0.013, 0.000, 0.000, 0.000, 0.000, 0.000, 0.000, 375.292, 0.000, 0.000, 0.000, 0.000, 0.000, 414.288, 0.000, 0.000, 0.000, 0.000, 0.000, 798.346, 0.000, 0.000, 0.000, 0.000, 0.000, 109.923, 0.000, 0.000, 0.000, 0.000, 0.000, 94.909, 0.000, 0.000, 0.000, 0.000, 0.000, 231.269, 0.000, 0.000, 0.000, 0.000, 0.000, 55.856, 0.000, 0.000, 0.000, 0.000, 0.000, 130.579, 0.000, 0.000, 0.000, 0.000, 1.995, 0.024
12.258, 0.014, 0.000, 0.000, 0.000, 0.000, 0.000, 0.000, 374.630, 0.000, 0.000, 0.000, 0.000, 0.000, 422.245, 0.000, 0.000, 0.000, 0.000, 0.000, 799.956, 0.000, 0.000, 0.000, 0.000, 0.000, 107.757, 0.000, 0.000, 0.000, 0.000, 0.000, 95.033, 0.000, 0.000, 0.000, 0.000, 0.000, 233.547, 0.000, 0.000, 0.000, 0.000, 0.000, 56.198, 0.000, 0.000, 0.000, 0.000, 0.000, 135.631, 0.000, 0.000, 0.000, 0.000, 2.014, 0.026
12.248, 0.013, 0.000, 0.000, 0.000, 0.000, 0.000, 0.000, 385.559, 0.000, 0.000, 0.000, 0.000, 0.000, 419.885, 0.000, 0.000, 0.000, 0.000, 0.000, 797.522, 0.000, 0.000, 0.000, 0.000, 0.000, 107.026, 0.000, 0.000, 0.000, 0.000, 0.000, 93.487, 0.000, 0.000, 0.000, 0.000, 0.000, 233.663, 0.000, 0.000, 0.000, 0.000, 0.000, 56.350, 0.000, 0.000, 0.000, 0.000, 0.000, 134.318, 0.000, 0.000, 0.000, 0.000, 2.010, 0.025
Running benchmark for /home/pei/Project/benchmarks/imdb_job-postgres/queries/19d.sql...
37.129, 0.000, 0.000, 0.000, 0.000, 0.016, 0.045, 0.000, 382.240, 0.037, 0.037, 0.449, 0.017, 0.207, 576.506, 0.038, 0.033, 0.407, 0.024, 0.215, 800.754, 0.038, 0.034, 0.399, 0.022, 0.215, 670.367, 0.036, 0.036, 0.423, 0.020, 0.141, 175.407, 0.050, 0.025, 0.007, 0.000, 2791.039, 0.026
12.187, 0.014, 0.000, 0.000, 0.000, 0.000, 0.000, 0.000, 373.619, 0.000, 0.000, 0.000, 0.000, 0.000, 569.708, 0.000, 0.000, 0.000, 0.000, 0.000, 798.963, 0.000, 0.000, 0.000, 0.000, 0.000, 616.111, 0.000, 0.000, 0.000, 0.000, 0.000, 174.190, 0.000, 0.000, 0.000, 0.000, 622.220, 0.027
12.138, 0.013, 0.000, 0.000, 0.000, 0.000, 0.000, 0.000, 370.036, 0.000, 0.000, 0.000, 0.000, 0.000, 577.026, 0.000, 0.000, 0.000, 0.000, 0.000, 801.917, 0.000, 0.000, 0.000, 0.000, 0.000, 602.077, 0.000, 0.000, 0.000, 0.000, 0.000, 170.891, 0.000, 0.000, 0.000, 0.000, 613.449, 0.024
12.183, 0.013, 0.000, 0.000, 0.000, 0.000, 0.000, 0.000, 375.018, 0.000, 0.000, 0.000, 0.000, 0.000, 571.802, 0.000, 0.000, 0.000, 0.000, 0.000, 799.235, 0.000, 0.000, 0.000, 0.000, 0.000, 614.478, 0.000, 0.000, 0.000, 0.000, 0.000, 176.579, 0.000, 0.000, 0.000, 0.000, 626.107, 0.024
12.180, 0.013, 0.000, 0.000, 0.000, 0.000, 0.000, 0.000, 370.687, 0.000, 0.000, 0.000, 0.000, 0.000, 569.206, 0.000, 0.000, 0.000, 0.000, 0.000, 800.132, 0.000, 0.000, 0.000, 0.000, 0.000, 618.495, 0.000, 0.000, 0.000, 0.000, 0.000, 174.514, 0.000, 0.000, 0.000, 0.000, 622.170, 0.026
12.329, 0.013, 0.000, 0.000, 0.000, 0.000, 0.000, 0.000, 370.078, 0.000, 0.000, 0.000, 0.000, 0.000, 570.835, 0.000, 0.000, 0.000, 0.000, 0.000, 798.399, 0.000, 0.000, 0.000, 0.000, 0.000, 619.437, 0.000, 0.000, 0.000, 0.000, 0.000, 170.569, 0.000, 0.000, 0.000, 0.000, 625.570, 0.024
12.387, 0.013, 0.000, 0.000, 0.000, 0.000, 0.000, 0.000, 376.433, 0.000, 0.000, 0.000, 0.000, 0.000, 571.676, 0.000, 0.000, 0.000, 0.000, 0.000, 800.339, 0.000, 0.000, 0.000, 0.000, 0.000, 611.403, 0.000, 0.000, 0.000, 0.000, 0.000, 173.800, 0.000, 0.000, 0.000, 0.000, 635.683, 0.024
12.105, 0.014, 0.000, 0.000, 0.000, 0.000, 0.000, 0.000, 370.331, 0.000, 0.000, 0.000, 0.000, 0.000, 582.335, 0.000, 0.000, 0.000, 0.000, 0.000, 799.560, 0.000, 0.000, 0.000, 0.000, 0.000, 618.616, 0.000, 0.000, 0.000, 0.000, 0.000, 174.245, 0.000, 0.000, 0.000, 0.000, 618.937, 0.026
Running benchmark for /home/pei/Project/benchmarks/imdb_job-postgres/queries/1a.sql...
14.170, 0.000, 0.000, 0.000, 0.000, 0.008, 0.023, 0.000, 40.305, 0.045, 0.026, 1.065, 0.023, 0.277, 428.442, 0.118, 0.079, 2.762, 0.137, 0.378, 3.743, 0.081, 0.050, 0.024, 0.000, 2.432, 0.040
9.806, 0.014, 0.000, 0.000, 0.000, 0.000, 0.000, 0.000, 41.714, 0.000, 0.000, 0.000, 0.000, 0.000, 6.315, 0.000, 0.000, 0.000, 0.000, 0.000, 0.880, 0.000, 0.000, 0.000, 0.000, 0.589, 0.025
9.880, 0.013, 0.000, 0.000, 0.000, 0.000, 0.000, 0.000, 41.912, 0.000, 0.000, 0.000, 0.000, 0.000, 6.250, 0.000, 0.000, 0.000, 0.000, 0.000, 0.924, 0.000, 0.000, 0.000, 0.000, 0.591, 0.011
10.002, 0.013, 0.000, 0.000, 0.000, 0.000, 0.000, 0.000, 38.436, 0.000, 0.000, 0.000, 0.000, 0.000, 6.364, 0.000, 0.000, 0.000, 0.000, 0.000, 0.922, 0.000, 0.000, 0.000, 0.000, 0.598, 0.011
9.678, 0.013, 0.000, 0.000, 0.000, 0.000, 0.000, 0.000, 37.236, 0.000, 0.000, 0.000, 0.000, 0.000, 6.294, 0.000, 0.000, 0.000, 0.000, 0.000, 0.916, 0.000, 0.000, 0.000, 0.000, 0.543, 0.012
9.776, 0.014, 0.000, 0.000, 0.000, 0.000, 0.000, 0.000, 39.933, 0.000, 0.000, 0.000, 0.000, 0.000, 6.269, 0.000, 0.000, 0.000, 0.000, 0.000, 0.911, 0.000, 0.000, 0.000, 0.000, 0.574, 0.039
9.894, 0.014, 0.000, 0.000, 0.000, 0.000, 0.000, 0.000, 37.914, 0.000, 0.000, 0.000, 0.000, 0.000, 6.377, 0.000, 0.000, 0.000, 0.000, 0.000, 0.911, 0.000, 0.000, 0.000, 0.000, 0.586, 0.011
9.865, 0.013, 0.000, 0.000, 0.000, 0.000, 0.000, 0.000, 41.134, 0.000, 0.000, 0.000, 0.000, 0.000, 6.180, 0.000, 0.000, 0.000, 0.000, 0.000, 0.925, 0.000, 0.000, 0.000, 0.000, 0.584, 0.014
Running benchmark for /home/pei/Project/benchmarks/imdb_job-postgres/queries/1b.sql...
17.642, 0.000, 0.000, 0.000, 0.000, 0.018, 0.068, 0.000, 37.959, 0.030, 0.026, 0.838, 0.020, 0.227, 0.725, 0.015, 0.013, 0.007, 0.000, 1.651, 0.009
5.540, 0.014, 0.000, 0.000, 0.000, 0.000, 0.000, 0.000, 34.303, 0.000, 0.000, 0.000, 0.000, 0.000, 1.010, 0.000, 0.000, 0.000, 0.000, 0.388, 0.012
5.511, 0.013, 0.000, 0.000, 0.000, 0.000, 0.000, 0.000, 34.469, 0.000, 0.000, 0.000, 0.000, 0.000, 0.965, 0.000, 0.000, 0.000, 0.000, 0.397, 0.029
5.440, 0.013, 0.000, 0.000, 0.000, 0.000, 0.000, 0.000, 34.727, 0.000, 0.000, 0.000, 0.000, 0.000, 0.978, 0.000, 0.000, 0.000, 0.000, 0.374, 0.010
5.409, 0.014, 0.000, 0.000, 0.000, 0.000, 0.000, 0.000, 34.426, 0.000, 0.000, 0.000, 0.000, 0.000, 1.039, 0.000, 0.000, 0.000, 0.000, 0.393, 0.011
5.507, 0.013, 0.000, 0.000, 0.000, 0.000, 0.000, 0.000, 34.550, 0.000, 0.000, 0.000, 0.000, 0.000, 1.011, 0.000, 0.000, 0.000, 0.000, 0.394, 0.011
5.440, 0.013, 0.000, 0.000, 0.000, 0.000, 0.000, 0.000, 34.567, 0.000, 0.000, 0.000, 0.000, 0.000, 1.045, 0.000, 0.000, 0.000, 0.000, 0.396, 0.011
5.393, 0.014, 0.000, 0.000, 0.000, 0.000, 0.000, 0.000, 34.480, 0.000, 0.000, 0.000, 0.000, 0.000, 1.004, 0.000, 0.000, 0.000, 0.000, 0.382, 0.011
Running benchmark for /home/pei/Project/benchmarks/imdb_job-postgres/queries/1c.sql...
3.369, 0.000, 0.000, 0.000, 0.000, 0.006, 0.016, 0.000, 34.045, 0.030, 0.027, 0.835, 0.023, 0.233, 3.314, 0.016, 0.014, 0.540, 0.024, 0.110, 0.669, 0.015, 0.010, 0.006, 0.000, 0.255, 0.008
3.399, 0.014, 0.000, 0.000, 0.000, 0.000, 0.000, 0.000, 34.949, 0.000, 0.000, 0.000, 0.000, 0.000, 3.591, 0.000, 0.000, 0.000, 0.000, 0.000, 0.762, 0.000, 0.000, 0.000, 0.000, 0.267, 0.011
3.490, 0.013, 0.000, 0.000, 0.000, 0.000, 0.000, 0.000, 34.319, 0.000, 0.000, 0.000, 0.000, 0.000, 3.571, 0.000, 0.000, 0.000, 0.000, 0.000, 0.730, 0.000, 0.000, 0.000, 0.000, 0.264, 0.012
3.317, 0.013, 0.000, 0.000, 0.000, 0.000, 0.000, 0.000, 34.969, 0.000, 0.000, 0.000, 0.000, 0.000, 3.622, 0.000, 0.000, 0.000, 0.000, 0.000, 198.218, 0.000, 0.000, 0.000, 0.000, 1.085, 0.041
3.398, 0.013, 0.000, 0.000, 0.000, 0.000, 0.000, 0.000, 34.436, 0.000, 0.000, 0.000, 0.000, 0.000, 3.658, 0.000, 0.000, 0.000, 0.000, 0.000, 0.800, 0.000, 0.000, 0.000, 0.000, 0.272, 0.011
3.393, 0.014, 0.000, 0.000, 0.000, 0.000, 0.000, 0.000, 34.923, 0.000, 0.000, 0.000, 0.000, 0.000, 3.540, 0.000, 0.000, 0.000, 0.000, 0.000, 0.748, 0.000, 0.000, 0.000, 0.000, 0.278, 0.011
3.389, 0.013, 0.000, 0.000, 0.000, 0.000, 0.000, 0.000, 35.737, 0.000, 0.000, 0.000, 0.000, 0.000, 3.579, 0.000, 0.000, 0.000, 0.000, 0.000, 0.751, 0.000, 0.000, 0.000, 0.000, 0.269, 0.011
3.403, 0.014, 0.000, 0.000, 0.000, 0.000, 0.000, 0.000, 34.220, 0.000, 0.000, 0.000, 0.000, 0.000, 3.542, 0.000, 0.000, 0.000, 0.000, 0.000, 0.723, 0.000, 0.000, 0.000, 0.000, 0.256, 0.012
Running benchmark for /home/pei/Project/benchmarks/imdb_job-postgres/queries/1d.sql...
5.380, 0.000, 0.000, 0.000, 0.000, 0.006, 0.016, 0.000, 33.686, 0.031, 0.047, 0.780, 0.021, 0.211, 0.718, 0.015, 0.013, 0.007, 0.000, 0.591, 0.008
5.420, 0.014, 0.000, 0.000, 0.000, 0.000, 0.000, 0.000, 34.455, 0.000, 0.000, 0.000, 0.000, 0.000, 1.028, 0.000, 0.000, 0.000, 0.000, 0.388, 0.011
5.449, 0.013, 0.000, 0.000, 0.000, 0.000, 0.000, 0.000, 34.794, 0.000, 0.000, 0.000, 0.000, 0.000, 0.909, 0.000, 0.000, 0.000, 0.000, 0.371, 0.017
18.380, 0.046, 0.000, 0.000, 0.000, 0.000, 0.000, 0.000, 60.362, 0.000, 0.000, 0.000, 0.000, 0.000, 0.950, 0.000, 0.000, 0.000, 0.000, 0.387, 0.027
5.436, 0.014, 0.000, 0.000, 0.000, 0.000, 0.000, 0.000, 34.673, 0.000, 0.000, 0.000, 0.000, 0.000, 0.945, 0.000, 0.000, 0.000, 0.000, 0.398, 0.012
5.432, 0.013, 0.000, 0.000, 0.000, 0.000, 0.000, 0.000, 34.958, 0.000, 0.000, 0.000, 0.000, 0.000, 0.911, 0.000, 0.000, 0.000, 0.000, 0.389, 0.012
5.399, 0.014, 0.000, 0.000, 0.000, 0.000, 0.000, 0.000, 34.557, 0.000, 0.000, 0.000, 0.000, 0.000, 1.011, 0.000, 0.000, 0.000, 0.000, 0.384, 0.011
5.326, 0.014, 0.000, 0.000, 0.000, 0.000, 0.000, 0.000, 34.182, 0.000, 0.000, 0.000, 0.000, 0.000, 0.905, 0.000, 0.000, 0.000, 0.000, 0.376, 0.011
Running benchmark for /home/pei/Project/benchmarks/imdb_job-postgres/queries/20a.sql...
3.355, 0.000, 0.000, 0.000, 0.000, 0.037, 0.100, 0.000, 75.248, 0.037, 0.039, 0.759, 0.020, 0.196, 29.439, 0.023, 0.028, 0.696, 0.026, 0.146, 304.980, 0.037, 0.036, 0.397, 0.019, 0.150, 49.952, 0.036, 0.026, 0.073, 0.032, 0.264, 139.073, 0.037, 0.033, 0.012, 0.000, 464.800, 0.011
3.403, 0.014, 0.000, 0.000, 0.000, 0.000, 0.000, 0.000, 40.752, 0.000, 0.000, 0.000, 0.000, 0.000, 29.602, 0.000, 0.000, 0.000, 0.000, 0.000, 303.974, 0.000, 0.000, 0.000, 0.000, 0.000, 50.177, 0.000, 0.000, 0.000, 0.000, 0.000, 73.093, 0.000, 0.000, 0.000, 0.000, 179.908, 0.011
3.339, 0.013, 0.000, 0.000, 0.000, 0.000, 0.000, 0.000, 39.954, 0.000, 0.000, 0.000, 0.000, 0.000, 29.341, 0.000, 0.000, 0.000, 0.000, 0.000, 312.570, 0.000, 0.000, 0.000, 0.000, 0.000, 50.758, 0.000, 0.000, 0.000, 0.000, 0.000, 75.310, 0.000, 0.000, 0.000, 0.000, 183.462, 0.011
3.383, 0.014, 0.000, 0.000, 0.000, 0.000, 0.000, 0.000, 44.219, 0.000, 0.000, 0.000, 0.000, 0.000, 30.348, 0.000, 0.000, 0.000, 0.000, 0.000, 309.919, 0.000, 0.000, 0.000, 0.000, 0.000, 50.091, 0.000, 0.000, 0.000, 0.000, 0.000, 75.410, 0.000, 0.000, 0.000, 0.000, 182.210, 0.011
3.413, 0.013, 0.000, 0.000, 0.000, 0.000, 0.000, 0.000, 40.223, 0.000, 0.000, 0.000, 0.000, 0.000, 29.572, 0.000, 0.000, 0.000, 0.000, 0.000, 309.816, 0.000, 0.000, 0.000, 0.000, 0.000, 50.775, 0.000, 0.000, 0.000, 0.000, 0.000, 75.184, 0.000, 0.000, 0.000, 0.000, 188.443, 0.011
3.403, 0.013, 0.000, 0.000, 0.000, 0.000, 0.000, 0.000, 40.143, 0.000, 0.000, 0.000, 0.000, 0.000, 29.150, 0.000, 0.000, 0.000, 0.000, 0.000, 304.481, 0.000, 0.000, 0.000, 0.000, 0.000, 51.207, 0.000, 0.000, 0.000, 0.000, 0.000, 74.960, 0.000, 0.000, 0.000, 0.000, 183.993, 0.011
3.365, 0.014, 0.000, 0.000, 0.000, 0.000, 0.000, 0.000, 40.490, 0.000, 0.000, 0.000, 0.000, 0.000, 29.359, 0.000, 0.000, 0.000, 0.000, 0.000, 308.166, 0.000, 0.000, 0.000, 0.000, 0.000, 51.204, 0.000, 0.000, 0.000, 0.000, 0.000, 73.236, 0.000, 0.000, 0.000, 0.000, 179.035, 0.027
3.376, 0.014, 0.000, 0.000, 0.000, 0.000, 0.000, 0.000, 39.742, 0.000, 0.000, 0.000, 0.000, 0.000, 29.125, 0.000, 0.000, 0.000, 0.000, 0.000, 301.210, 0.000, 0.000, 0.000, 0.000, 0.000, 50.239, 0.000, 0.000, 0.000, 0.000, 0.000, 105.777, 0.000, 0.000, 0.000, 0.000, 184.818, 0.011
Running benchmark for /home/pei/Project/benchmarks/imdb_job-postgres/queries/20b.sql...
8.495, 0.000, 0.000, 0.000, 0.000, 0.007, 0.017, 0.000, 41.067, 0.031, 0.036, 0.729, 0.020, 0.204, 29.880, 0.026, 0.031, 0.708, 0.022, 0.156, 260.580, 0.039, 0.038, 0.395, 0.019, 0.152, 8.183, 0.029, 0.020, 0.063, 0.032, 0.246, 33.749, 0.041, 0.027, 0.010, 0.000, 1743.524, 0.011
8.558, 0.016, 0.000, 0.000, 0.000, 0.000, 0.000, 0.000, 39.866, 0.000, 0.000, 0.000, 0.000, 0.000, 29.816, 0.000, 0.000, 0.000, 0.000, 0.000, 255.617, 0.000, 0.000, 0.000, 0.000, 0.000, 8.259, 0.000, 0.000, 0.000, 0.000, 0.000, 33.878, 0.000, 0.000, 0.000, 0.000, 502.571, 0.012
8.579, 0.014, 0.000, 0.000, 0.000, 0.000, 0.000, 0.000, 39.954, 0.000, 0.000, 0.000, 0.000, 0.000, 29.722, 0.000, 0.000, 0.000, 0.000, 0.000, 258.282, 0.000, 0.000, 0.000, 0.000, 0.000, 8.264, 0.000, 0.000, 0.000, 0.000, 0.000, 34.066, 0.000, 0.000, 0.000, 0.000, 499.583, 0.014
8.585, 0.014, 0.000, 0.000, 0.000, 0.000, 0.000, 0.000, 39.938, 0.000, 0.000, 0.000, 0.000, 0.000, 29.781, 0.000, 0.000, 0.000, 0.000, 0.000, 255.578, 0.000, 0.000, 0.000, 0.000, 0.000, 8.210, 0.000, 0.000, 0.000, 0.000, 0.000, 33.353, 0.000, 0.000, 0.000, 0.000, 498.544, 0.013
8.747, 0.014, 0.000, 0.000, 0.000, 0.000, 0.000, 0.000, 40.646, 0.000, 0.000, 0.000, 0.000, 0.000, 30.141, 0.000, 0.000, 0.000, 0.000, 0.000, 257.155, 0.000, 0.000, 0.000, 0.000, 0.000, 8.223, 0.000, 0.000, 0.000, 0.000, 0.000, 33.753, 0.000, 0.000, 0.000, 0.000, 501.839, 0.026
8.421, 0.015, 0.000, 0.000, 0.000, 0.000, 0.000, 0.000, 39.472, 0.000, 0.000, 0.000, 0.000, 0.000, 29.580, 0.000, 0.000, 0.000, 0.000, 0.000, 254.639, 0.000, 0.000, 0.000, 0.000, 0.000, 8.182, 0.000, 0.000, 0.000, 0.000, 0.000, 33.538, 0.000, 0.000, 0.000, 0.000, 499.596, 0.012
8.684, 0.014, 0.000, 0.000, 0.000, 0.000, 0.000, 0.000, 40.121, 0.000, 0.000, 0.000, 0.000, 0.000, 30.085, 0.000, 0.000, 0.000, 0.000, 0.000, 264.090, 0.000, 0.000, 0.000, 0.000, 0.000, 8.256, 0.000, 0.000, 0.000, 0.000, 0.000, 33.601, 0.000, 0.000, 0.000, 0.000, 499.565, 0.043
8.683, 0.014, 0.000, 0.000, 0.000, 0.000, 0.000, 0.000, 38.810, 0.000, 0.000, 0.000, 0.000, 0.000, 29.461, 0.000, 0.000, 0.000, 0.000, 0.000, 252.293, 0.000, 0.000, 0.000, 0.000, 0.000, 8.206, 0.000, 0.000, 0.000, 0.000, 0.000, 33.286, 0.000, 0.000, 0.000, 0.000, 505.122, 0.012
Running benchmark for /home/pei/Project/benchmarks/imdb_job-postgres/queries/20c.sql...
8.658, 0.000, 0.000, 0.000, 0.000, 0.007, 0.017, 0.000, 48.062, 0.035, 0.041, 0.730, 0.035, 0.189, 29.844, 0.028, 0.033, 0.717, 0.026, 0.157, 333.085, 0.037, 0.036, 0.427, 0.034, 0.145, 8.370, 0.028, 0.020, 0.063, 0.032, 0.268, 166.154, 0.038, 0.031, 0.010, 0.000, 443.396, 0.027
8.739, 0.014, 0.000, 0.000, 0.000, 0.000, 0.000, 0.000, 39.775, 0.000, 0.000, 0.000, 0.000, 0.000, 28.542, 0.000, 0.000, 0.000, 0.000, 0.000, 232.878, 0.000, 0.000, 0.000, 0.000, 0.000, 8.326, 0.000, 0.000, 0.000, 0.000, 0.000, 70.556, 0.000, 0.000, 0.000, 0.000, 443.366, 0.012
8.963, 0.026, 0.000, 0.000, 0.000, 0.000, 0.000, 0.000, 40.293, 0.000, 0.000, 0.000, 0.000, 0.000, 29.218, 0.000, 0.000, 0.000, 0.000, 0.000, 234.953, 0.000, 0.000, 0.000, 0.000, 0.000, 8.236, 0.000, 0.000, 0.000, 0.000, 0.000, 52.254, 0.000, 0.000, 0.000, 0.000, 445.106, 0.026
8.612, 0.020, 0.000, 0.000, 0.000, 0.000, 0.000, 0.000, 40.093, 0.000, 0.000, 0.000, 0.000, 0.000, 28.993, 0.000, 0.000, 0.000, 0.000, 0.000, 231.376, 0.000, 0.000, 0.000, 0.000, 0.000, 8.285, 0.000, 0.000, 0.000, 0.000, 0.000, 51.628, 0.000, 0.000, 0.000, 0.000, 450.276, 0.030
8.654, 0.014, 0.000, 0.000, 0.000, 0.000, 0.000, 0.000, 40.138, 0.000, 0.000, 0.000, 0.000, 0.000, 28.982, 0.000, 0.000, 0.000, 0.000, 0.000, 230.848, 0.000, 0.000, 0.000, 0.000, 0.000, 8.264, 0.000, 0.000, 0.000, 0.000, 0.000, 53.143, 0.000, 0.000, 0.000, 0.000, 444.064, 0.012
8.674, 0.013, 0.000, 0.000, 0.000, 0.000, 0.000, 0.000, 39.581, 0.000, 0.000, 0.000, 0.000, 0.000, 28.656, 0.000, 0.000, 0.000, 0.000, 0.000, 241.062, 0.000, 0.000, 0.000, 0.000, 0.000, 8.386, 0.000, 0.000, 0.000, 0.000, 0.000, 54.082, 0.000, 0.000, 0.000, 0.000, 447.318, 0.011
8.778, 0.013, 0.000, 0.000, 0.000, 0.000, 0.000, 0.000, 39.785, 0.000, 0.000, 0.000, 0.000, 0.000, 28.778, 0.000, 0.000, 0.000, 0.000, 0.000, 232.485, 0.000, 0.000, 0.000, 0.000, 0.000, 8.232, 0.000, 0.000, 0.000, 0.000, 0.000, 51.385, 0.000, 0.000, 0.000, 0.000, 441.350, 0.015
8.489, 0.013, 0.000, 0.000, 0.000, 0.000, 0.000, 0.000, 39.239, 0.000, 0.000, 0.000, 0.000, 0.000, 28.735, 0.000, 0.000, 0.000, 0.000, 0.000, 228.672, 0.000, 0.000, 0.000, 0.000, 0.000, 8.236, 0.000, 0.000, 0.000, 0.000, 0.000, 76.147, 0.000, 0.000, 0.000, 0.000, 444.951, 0.012
Running benchmark for /home/pei/Project/benchmarks/imdb_job-postgres/queries/21a.sql...
8.698, 0.000, 0.000, 0.000, 0.000, 0.007, 0.030, 0.000, 2.649, 0.016, 0.029, 0.391, 0.042, 0.377, 1100.230, 0.038, 0.076, 0.012, 0.000, 19.737, 0.041
8.618, 0.014, 0.000, 0.000, 0.000, 0.000, 0.000, 0.000, 3.906, 0.000, 0.000, 0.000, 0.000, 0.000, 223.543, 0.000, 0.000, 0.000, 0.000, 0.794, 0.012
8.761, 0.014, 0.000, 0.000, 0.000, 0.000, 0.000, 0.000, 2.524, 0.000, 0.000, 0.000, 0.000, 0.000, 222.552, 0.000, 0.000, 0.000, 0.000, 0.821, 0.031
8.617, 0.014, 0.000, 0.000, 0.000, 0.000, 0.000, 0.000, 2.368, 0.000, 0.000, 0.000, 0.000, 0.000, 222.608, 0.000, 0.000, 0.000, 0.000, 0.823, 0.027
8.491, 0.013, 0.000, 0.000, 0.000, 0.000, 0.000, 0.000, 2.534, 0.000, 0.000, 0.000, 0.000, 0.000, 225.444, 0.000, 0.000, 0.000, 0.000, 0.816, 0.024
8.429, 0.014, 0.000, 0.000, 0.000, 0.000, 0.000, 0.000, 2.500, 0.000, 0.000, 0.000, 0.000, 0.000, 241.337, 0.000, 0.000, 0.000, 0.000, 0.856, 0.011
8.439, 0.014, 0.000, 0.000, 0.000, 0.000, 0.000, 0.000, 2.409, 0.000, 0.000, 0.000, 0.000, 0.000, 222.811, 0.000, 0.000, 0.000, 0.000, 0.828, 0.039
8.227, 0.013, 0.000, 0.000, 0.000, 0.000, 0.000, 0.000, 2.440, 0.000, 0.000, 0.000, 0.000, 0.000, 224.087, 0.000, 0.000, 0.000, 0.000, 0.813, 0.024
Running benchmark for /home/pei/Project/benchmarks/imdb_job-postgres/queries/21b.sql...
11.104, 0.000, 0.000, 0.000, 0.000, 0.025, 0.063, 0.000, 4.994, 0.045, 0.057, 0.948, 0.059, 0.698, 134.730, 0.039, 0.038, 0.010, 0.000, 0.349, 0.008
3.396, 0.014, 0.000, 0.000, 0.000, 0.000, 0.000, 0.000, 1.977, 0.000, 0.000, 0.000, 0.000, 0.000, 91.206, 0.000, 0.000, 0.000, 0.000, 0.380, 0.011
3.467, 0.014, 0.000, 0.000, 0.000, 0.000, 0.000, 0.000, 1.984, 0.000, 0.000, 0.000, 0.000, 0.000, 91.600, 0.000, 0.000, 0.000, 0.000, 0.384, 0.026
3.402, 0.014, 0.000, 0.000, 0.000, 0.000, 0.000, 0.000, 2.000, 0.000, 0.000, 0.000, 0.000, 0.000, 91.116, 0.000, 0.000, 0.000, 0.000, 0.397, 0.011
3.452, 0.014, 0.000, 0.000, 0.000, 0.000, 0.000, 0.000, 2.003, 0.000, 0.000, 0.000, 0.000, 0.000, 92.186, 0.000, 0.000, 0.000, 0.000, 0.374, 0.011
3.520, 0.014, 0.000, 0.000, 0.000, 0.000, 0.000, 0.000, 2.059, 0.000, 0.000, 0.000, 0.000, 0.000, 90.915, 0.000, 0.000, 0.000, 0.000, 0.356, 0.011
3.434, 0.013, 0.000, 0.000, 0.000, 0.000, 0.000, 0.000, 1.994, 0.000, 0.000, 0.000, 0.000, 0.000, 91.534, 0.000, 0.000, 0.000, 0.000, 0.376, 0.011
3.416, 0.014, 0.000, 0.000, 0.000, 0.000, 0.000, 0.000, 1.927, 0.000, 0.000, 0.000, 0.000, 0.000, 89.882, 0.000, 0.000, 0.000, 0.000, 0.377, 0.026
Running benchmark for /home/pei/Project/benchmarks/imdb_job-postgres/queries/21c.sql...
3.371, 0.000, 0.000, 0.000, 0.000, 0.007, 0.018, 0.000, 1.871, 0.015, 0.028, 0.386, 0.026, 0.398, 208.237, 0.038, 0.041, 0.012, 0.000, 0.807, 0.023
3.429, 0.014, 0.000, 0.000, 0.000, 0.000, 0.000, 0.000, 2.097, 0.000, 0.000, 0.000, 0.000, 0.000, 208.152, 0.000, 0.000, 0.000, 0.000, 0.825, 0.024
3.493, 0.013, 0.000, 0.000, 0.000, 0.000, 0.000, 0.000, 1.972, 0.000, 0.000, 0.000, 0.000, 0.000, 208.732, 0.000, 0.000, 0.000, 0.000, 0.831, 0.026
3.393, 0.013, 0.000, 0.000, 0.000, 0.000, 0.000, 0.000, 2.057, 0.000, 0.000, 0.000, 0.000, 0.000, 208.610, 0.000, 0.000, 0.000, 0.000, 0.790, 0.012
3.441, 0.013, 0.000, 0.000, 0.000, 0.000, 0.000, 0.000, 1.992, 0.000, 0.000, 0.000, 0.000, 0.000, 209.743, 0.000, 0.000, 0.000, 0.000, 0.828, 0.026
3.382, 0.013, 0.000, 0.000, 0.000, 0.000, 0.000, 0.000, 2.028, 0.000, 0.000, 0.000, 0.000, 0.000, 207.846, 0.000, 0.000, 0.000, 0.000, 0.811, 0.024
3.398, 0.014, 0.000, 0.000, 0.000, 0.000, 0.000, 0.000, 2.022, 0.000, 0.000, 0.000, 0.000, 0.000, 213.427, 0.000, 0.000, 0.000, 0.000, 0.831, 0.010
3.398, 0.014, 0.000, 0.000, 0.000, 0.000, 0.000, 0.000, 1.947, 0.000, 0.000, 0.000, 0.000, 0.000, 208.393, 0.000, 0.000, 0.000, 0.000, 0.828, 0.026
Running benchmark for /home/pei/Project/benchmarks/imdb_job-postgres/queries/22a.sql...
3.482, 0.000, 0.000, 0.000, 0.000, 0.007, 0.018, 0.000, 125.938, 0.043, 0.040, 0.547, 0.033, 0.244, 269.463, 0.033, 0.036, 0.452, 0.041, 0.215, 816.924, 0.034, 0.037, 0.458, 0.034, 0.248, 135.283, 0.035, 0.037, 0.428, 0.036, 0.136, 138.998, 0.036, 0.034, 0.467, 0.036, 0.162, 71.471, 0.050, 0.033, 0.448, 0.035, 0.173, 8.395, 0.028, 0.016, 0.317, 0.034, 0.090, 8.107, 0.029, 0.015, 0.008, 0.000, 54.876, 0.027
3.511, 0.014, 0.000, 0.000, 0.000, 0.000, 0.000, 0.000, 125.490, 0.000, 0.000, 0.000, 0.000, 0.000, 221.744, 0.000, 0.000, 0.000, 0.000, 0.000, 188.290, 0.000, 0.000, 0.000, 0.000, 0.000, 133.823, 0.000, 0.000, 0.000, 0.000, 0.000, 132.106, 0.000, 0.000, 0.000, 0.000, 0.000, 71.013, 0.000, 0.000, 0.000, 0.000, 0.000, 8.625, 0.000, 0.000, 0.000, 0.000, 0.000, 8.163, 0.000, 0.000, 0.000, 0.000, 69.674, 0.013
3.485, 0.014, 0.000, 0.000, 0.000, 0.000, 0.000, 0.000, 125.985, 0.000, 0.000, 0.000, 0.000, 0.000, 221.870, 0.000, 0.000, 0.000, 0.000, 0.000, 193.165, 0.000, 0.000, 0.000, 0.000, 0.000, 134.195, 0.000, 0.000, 0.000, 0.000, 0.000, 127.483, 0.000, 0.000, 0.000, 0.000, 0.000, 72.226, 0.000, 0.000, 0.000, 0.000, 0.000, 8.689, 0.000, 0.000, 0.000, 0.000, 0.000, 8.112, 0.000, 0.000, 0.000, 0.000, 55.884, 0.030
3.423, 0.014, 0.000, 0.000, 0.000, 0.000, 0.000, 0.000, 127.726, 0.000, 0.000, 0.000, 0.000, 0.000, 221.146, 0.000, 0.000, 0.000, 0.000, 0.000, 184.155, 0.000, 0.000, 0.000, 0.000, 0.000, 132.902, 0.000, 0.000, 0.000, 0.000, 0.000, 132.137, 0.000, 0.000, 0.000, 0.000, 0.000, 70.338, 0.000, 0.000, 0.000, 0.000, 0.000, 8.573, 0.000, 0.000, 0.000, 0.000, 0.000, 8.105, 0.000, 0.000, 0.000, 0.000, 53.529, 0.026
3.525, 0.014, 0.000, 0.000, 0.000, 0.000, 0.000, 0.000, 120.855, 0.000, 0.000, 0.000, 0.000, 0.000, 221.266, 0.000, 0.000, 0.000, 0.000, 0.000, 193.812, 0.000, 0.000, 0.000, 0.000, 0.000, 136.732, 0.000, 0.000, 0.000, 0.000, 0.000, 134.502, 0.000, 0.000, 0.000, 0.000, 0.000, 71.925, 0.000, 0.000, 0.000, 0.000, 0.000, 8.698, 0.000, 0.000, 0.000, 0.000, 0.000, 8.065, 0.000, 0.000, 0.000, 0.000, 55.278, 0.011
3.435, 0.013, 0.000, 0.000, 0.000, 0.000, 0.000, 0.000, 122.125, 0.000, 0.000, 0.000, 0.000, 0.000, 223.025, 0.000, 0.000, 0.000, 0.000, 0.000, 188.469, 0.000, 0.000, 0.000, 0.000, 0.000, 135.515, 0.000, 0.000, 0.000, 0.000, 0.000, 132.418, 0.000, 0.000, 0.000, 0.000, 0.000, 70.488, 0.000, 0.000, 0.000, 0.000, 0.000, 8.534, 0.000, 0.000, 0.000, 0.000, 0.000, 8.092, 0.000, 0.000, 0.000, 0.000, 53.447, 0.012
3.429, 0.013, 0.000, 0.000, 0.000, 0.000, 0.000, 0.000, 123.725, 0.000, 0.000, 0.000, 0.000, 0.000, 487.453, 0.000, 0.000, 0.000, 0.000, 0.000, 187.128, 0.000, 0.000, 0.000, 0.000, 0.000, 138.616, 0.000, 0.000, 0.000, 0.000, 0.000, 135.541, 0.000, 0.000, 0.000, 0.000, 0.000, 72.737, 0.000, 0.000, 0.000, 0.000, 0.000, 8.622, 0.000, 0.000, 0.000, 0.000, 0.000, 8.037, 0.000, 0.000, 0.000, 0.000, 53.611, 0.028
3.399, 0.013, 0.000, 0.000, 0.000, 0.000, 0.000, 0.000, 125.430, 0.000, 0.000, 0.000, 0.000, 0.000, 221.141, 0.000, 0.000, 0.000, 0.000, 0.000, 204.695, 0.000, 0.000, 0.000, 0.000, 0.000, 134.585, 0.000, 0.000, 0.000, 0.000, 0.000, 137.253, 0.000, 0.000, 0.000, 0.000, 0.000, 71.315, 0.000, 0.000, 0.000, 0.000, 0.000, 8.514, 0.000, 0.000, 0.000, 0.000, 0.000, 8.065, 0.000, 0.000, 0.000, 0.000, 95.892, 0.012
Running benchmark for /home/pei/Project/benchmarks/imdb_job-postgres/queries/22b.sql...
16.337, 0.000, 0.000, 0.000, 0.000, 0.007, 0.018, 0.000, 118.761, 0.035, 0.044, 0.562, 0.019, 0.266, 225.243, 0.036, 0.037, 0.461, 0.026, 0.164, 191.410, 0.036, 0.037, 0.458, 0.021, 0.150, 135.284, 0.035, 0.037, 0.421, 0.020, 0.148, 128.172, 0.035, 0.035, 0.454, 0.036, 0.162, 55.309, 0.035, 0.033, 0.417, 0.036, 0.170, 0.885, 0.028, 0.016, 0.301, 0.034, 0.091, 0.760, 0.028, 0.013, 0.008, 0.000, 217.772, 0.046
16.124, 0.015, 0.000, 0.000, 0.000, 0.000, 0.000, 0.000, 119.776, 0.000, 0.000, 0.000, 0.000, 0.000, 224.252, 0.000, 0.000, 0.000, 0.000, 0.000, 195.932, 0.000, 0.000, 0.000, 0.000, 0.000, 135.567, 0.000, 0.000, 0.000, 0.000, 0.000, 131.024, 0.000, 0.000, 0.000, 0.000, 0.000, 57.257, 0.000, 0.000, 0.000, 0.000, 0.000, 1.154, 0.000, 0.000, 0.000, 0.000, 0.000, 0.880, 0.000, 0.000, 0.000, 0.000, 4.544, 0.023
16.578, 0.014, 0.000, 0.000, 0.000, 0.000, 0.000, 0.000, 121.564, 0.000, 0.000, 0.000, 0.000, 0.000, 222.256, 0.000, 0.000, 0.000, 0.000, 0.000, 186.265, 0.000, 0.000, 0.000, 0.000, 0.000, 136.735, 0.000, 0.000, 0.000, 0.000, 0.000, 132.683, 0.000, 0.000, 0.000, 0.000, 0.000, 55.836, 0.000, 0.000, 0.000, 0.000, 0.000, 1.155, 0.000, 0.000, 0.000, 0.000, 0.000, 0.837, 0.000, 0.000, 0.000, 0.000, 4.465, 0.026
16.558, 0.013, 0.000, 0.000, 0.000, 0.000, 0.000, 0.000, 119.648, 0.000, 0.000, 0.000, 0.000, 0.000, 221.293, 0.000, 0.000, 0.000, 0.000, 0.000, 182.910, 0.000, 0.000, 0.000, 0.000, 0.000, 136.098, 0.000, 0.000, 0.000, 0.000, 0.000, 131.017, 0.000, 0.000, 0.000, 0.000, 0.000, 56.693, 0.000, 0.000, 0.000, 0.000, 0.000, 1.174, 0.000, 0.000, 0.000, 0.000, 0.000, 0.887, 0.000, 0.000, 0.000, 0.000, 4.533, 0.027
16.800, 0.013, 0.000, 0.000, 0.000, 0.000, 0.000, 0.000, 122.634, 0.000, 0.000, 0.000, 0.000, 0.000, 221.443, 0.000, 0.000, 0.000, 0.000, 0.000, 188.988, 0.000, 0.000, 0.000, 0.000, 0.000, 136.593, 0.000, 0.000, 0.000, 0.000, 0.000, 132.423, 0.000, 0.000, 0.000, 0.000, 0.000, 56.541, 0.000, 0.000, 0.000, 0.000, 0.000, 1.118, 0.000, 0.000, 0.000, 0.000, 0.000, 0.851, 0.000, 0.000, 0.000, 0.000, 4.476, 0.026
16.652, 0.015, 0.000, 0.000, 0.000, 0.000, 0.000, 0.000, 120.358, 0.000, 0.000, 0.000, 0.000, 0.000, 222.185, 0.000, 0.000, 0.000, 0.000, 0.000, 181.989, 0.000, 0.000, 0.000, 0.000, 0.000, 132.359, 0.000, 0.000, 0.000, 0.000, 0.000, 128.470, 0.000, 0.000, 0.000, 0.000, 0.000, 55.895, 0.000, 0.000, 0.000, 0.000, 0.000, 1.142, 0.000, 0.000, 0.000, 0.000, 0.000, 0.851, 0.000, 0.000, 0.000, 0.000, 4.521, 0.027
16.432, 0.014, 0.000, 0.000, 0.000, 0.000, 0.000, 0.000, 122.879, 0.000, 0.000, 0.000, 0.000, 0.000, 222.571, 0.000, 0.000, 0.000, 0.000, 0.000, 181.895, 0.000, 0.000, 0.000, 0.000, 0.000, 136.831, 0.000, 0.000, 0.000, 0.000, 0.000, 130.699, 0.000, 0.000, 0.000, 0.000, 0.000, 56.561, 0.000, 0.000, 0.000, 0.000, 0.000, 1.195, 0.000, 0.000, 0.000, 0.000, 0.000, 0.868, 0.000, 0.000, 0.000, 0.000, 4.507, 0.030
16.203, 0.014, 0.000, 0.000, 0.000, 0.000, 0.000, 0.000, 121.226, 0.000, 0.000, 0.000, 0.000, 0.000, 221.478, 0.000, 0.000, 0.000, 0.000, 0.000, 188.058, 0.000, 0.000, 0.000, 0.000, 0.000, 134.328, 0.000, 0.000, 0.000, 0.000, 0.000, 144.820, 0.000, 0.000, 0.000, 0.000, 0.000, 55.168, 0.000, 0.000, 0.000, 0.000, 0.000, 1.100, 0.000, 0.000, 0.000, 0.000, 0.000, 0.832, 0.000, 0.000, 0.000, 0.000, 4.468, 0.024
Running benchmark for /home/pei/Project/benchmarks/imdb_job-postgres/queries/22c.sql...
47.742, 0.000, 0.000, 0.000, 0.000, 0.014, 0.035, 0.000, 134.052, 0.043, 0.045, 0.545, 0.035, 0.329, 284.266, 0.037, 0.039, 0.464, 0.041, 0.150, 185.311, 0.037, 0.038, 0.450, 0.020, 0.146, 161.595, 0.033, 0.037, 0.426, 0.034, 0.135, 151.434, 0.035, 0.034, 0.464, 0.036, 0.159, 173.174, 0.048, 0.034, 0.444, 0.035, 0.172, 79.140, 0.041, 0.029, 0.403, 0.034, 0.126, 76.215, 0.045, 0.026, 0.011, 0.000, 57.660, 0.012
16.629, 0.016, 0.000, 0.000, 0.000, 0.000, 0.000, 0.000, 129.813, 0.000, 0.000, 0.000, 0.000, 0.000, 287.612, 0.000, 0.000, 0.000, 0.000, 0.000, 185.085, 0.000, 0.000, 0.000, 0.000, 0.000, 164.211, 0.000, 0.000, 0.000, 0.000, 0.000, 165.138, 0.000, 0.000, 0.000, 0.000, 0.000, 172.490, 0.000, 0.000, 0.000, 0.000, 0.000, 78.281, 0.000, 0.000, 0.000, 0.000, 0.000, 77.405, 0.000, 0.000, 0.000, 0.000, 70.681, 0.011
16.509, 0.014, 0.000, 0.000, 0.000, 0.000, 0.000, 0.000, 129.572, 0.000, 0.000, 0.000, 0.000, 0.000, 281.718, 0.000, 0.000, 0.000, 0.000, 0.000, 188.867, 0.000, 0.000, 0.000, 0.000, 0.000, 168.364, 0.000, 0.000, 0.000, 0.000, 0.000, 154.743, 0.000, 0.000, 0.000, 0.000, 0.000, 173.660, 0.000, 0.000, 0.000, 0.000, 0.000, 79.132, 0.000, 0.000, 0.000, 0.000, 0.000, 76.001, 0.000, 0.000, 0.000, 0.000, 60.887, 0.011
16.537, 0.014, 0.000, 0.000, 0.000, 0.000, 0.000, 0.000, 129.239, 0.000, 0.000, 0.000, 0.000, 0.000, 283.829, 0.000, 0.000, 0.000, 0.000, 0.000, 188.216, 0.000, 0.000, 0.000, 0.000, 0.000, 167.143, 0.000, 0.000, 0.000, 0.000, 0.000, 150.340, 0.000, 0.000, 0.000, 0.000, 0.000, 172.547, 0.000, 0.000, 0.000, 0.000, 0.000, 78.521, 0.000, 0.000, 0.000, 0.000, 0.000, 76.689, 0.000, 0.000, 0.000, 0.000, 59.027, 0.012
16.673, 0.014, 0.000, 0.000, 0.000, 0.000, 0.000, 0.000, 129.576, 0.000, 0.000, 0.000, 0.000, 0.000, 285.274, 0.000, 0.000, 0.000, 0.000, 0.000, 189.415, 0.000, 0.000, 0.000, 0.000, 0.000, 167.347, 0.000, 0.000, 0.000, 0.000, 0.000, 155.761, 0.000, 0.000, 0.000, 0.000, 0.000, 174.100, 0.000, 0.000, 0.000, 0.000, 0.000, 78.509, 0.000, 0.000, 0.000, 0.000, 0.000, 76.232, 0.000, 0.000, 0.000, 0.000, 58.762, 0.016
16.735, 0.014, 0.000, 0.000, 0.000, 0.000, 0.000, 0.000, 128.168, 0.000, 0.000, 0.000, 0.000, 0.000, 282.319, 0.000, 0.000, 0.000, 0.000, 0.000, 197.072, 0.000, 0.000, 0.000, 0.000, 0.000, 161.794, 0.000, 0.000, 0.000, 0.000, 0.000, 150.819, 0.000, 0.000, 0.000, 0.000, 0.000, 173.619, 0.000, 0.000, 0.000, 0.000, 0.000, 78.309, 0.000, 0.000, 0.000, 0.000, 0.000, 76.958, 0.000, 0.000, 0.000, 0.000, 54.496, 0.020
16.798, 0.014, 0.000, 0.000, 0.000, 0.000, 0.000, 0.000, 129.906, 0.000, 0.000, 0.000, 0.000, 0.000, 281.689, 0.000, 0.000, 0.000, 0.000, 0.000, 181.747, 0.000, 0.000, 0.000, 0.000, 0.000, 162.734, 0.000, 0.000, 0.000, 0.000, 0.000, 149.235, 0.000, 0.000, 0.000, 0.000, 0.000, 172.134, 0.000, 0.000, 0.000, 0.000, 0.000, 78.305, 0.000, 0.000, 0.000, 0.000, 0.000, 76.680, 0.000, 0.000, 0.000, 0.000, 54.606, 0.014
16.209, 0.013, 0.000, 0.000, 0.000, 0.000, 0.000, 0.000, 130.766, 0.000, 0.000, 0.000, 0.000, 0.000, 286.518, 0.000, 0.000, 0.000, 0.000, 0.000, 187.286, 0.000, 0.000, 0.000, 0.000, 0.000, 163.620, 0.000, 0.000, 0.000, 0.000, 0.000, 153.566, 0.000, 0.000, 0.000, 0.000, 0.000, 174.815, 0.000, 0.000, 0.000, 0.000, 0.000, 77.632, 0.000, 0.000, 0.000, 0.000, 0.000, 76.639, 0.000, 0.000, 0.000, 0.000, 77.911, 0.012
Running benchmark for /home/pei/Project/benchmarks/imdb_job-postgres/queries/22d.sql...
16.603, 0.000, 0.000, 0.000, 0.000, 0.010, 0.023, 0.000, 132.447, 0.035, 0.046, 0.569, 0.020, 0.350, 284.917, 0.035, 0.038, 0.762, 0.026, 0.104, 183.620, 0.032, 0.035, 0.463, 0.035, 0.145, 368.211, 0.031, 0.036, 0.437, 0.019, 0.137, 75.911, 0.032, 0.031, 0.101, 0.033, 0.188, 469.573, 0.039, 0.032, 0.380, 0.020, 0.150, 107.686, 0.032, 0.027, 0.011, 0.000, 47.296, 0.012
16.982, 0.014, 0.000, 0.000, 0.000, 0.000, 0.000, 0.000, 134.642, 0.000, 0.000, 0.000, 0.000, 0.000, 286.972, 0.000, 0.000, 0.000, 0.000, 0.000, 179.625, 0.000, 0.000, 0.000, 0.000, 0.000, 349.846, 0.000, 0.000, 0.000, 0.000, 0.000, 75.896, 0.000, 0.000, 0.000, 0.000, 0.000, 475.663, 0.000, 0.000, 0.000, 0.000, 0.000, 107.563, 0.000, 0.000, 0.000, 0.000, 49.065, 0.011
17.029, 0.014, 0.000, 0.000, 0.000, 0.000, 0.000, 0.000, 136.491, 0.000, 0.000, 0.000, 0.000, 0.000, 284.102, 0.000, 0.000, 0.000, 0.000, 0.000, 182.916, 0.000, 0.000, 0.000, 0.000, 0.000, 352.946, 0.000, 0.000, 0.000, 0.000, 0.000, 75.457, 0.000, 0.000, 0.000, 0.000, 0.000, 470.713, 0.000, 0.000, 0.000, 0.000, 0.000, 107.905, 0.000, 0.000, 0.000, 0.000, 48.269, 0.011
17.000, 0.013, 0.000, 0.000, 0.000, 0.000, 0.000, 0.000, 133.672, 0.000, 0.000, 0.000, 0.000, 0.000, 285.038, 0.000, 0.000, 0.000, 0.000, 0.000, 178.199, 0.000, 0.000, 0.000, 0.000, 0.000, 352.751, 0.000, 0.000, 0.000, 0.000, 0.000, 75.591, 0.000, 0.000, 0.000, 0.000, 0.000, 456.349, 0.000, 0.000, 0.000, 0.000, 0.000, 106.315, 0.000, 0.000, 0.000, 0.000, 49.336, 0.012
17.107, 0.014, 0.000, 0.000, 0.000, 0.000, 0.000, 0.000, 135.935, 0.000, 0.000, 0.000, 0.000, 0.000, 285.571, 0.000, 0.000, 0.000, 0.000, 0.000, 180.507, 0.000, 0.000, 0.000, 0.000, 0.000, 421.136, 0.000, 0.000, 0.000, 0.000, 0.000, 72.590, 0.000, 0.000, 0.000, 0.000, 0.000, 463.789, 0.000, 0.000, 0.000, 0.000, 0.000, 108.103, 0.000, 0.000, 0.000, 0.000, 47.564, 0.011
16.941, 0.013, 0.000, 0.000, 0.000, 0.000, 0.000, 0.000, 133.460, 0.000, 0.000, 0.000, 0.000, 0.000, 284.968, 0.000, 0.000, 0.000, 0.000, 0.000, 179.636, 0.000, 0.000, 0.000, 0.000, 0.000, 351.784, 0.000, 0.000, 0.000, 0.000, 0.000, 74.726, 0.000, 0.000, 0.000, 0.000, 0.000, 459.960, 0.000, 0.000, 0.000, 0.000, 0.000, 108.090, 0.000, 0.000, 0.000, 0.000, 47.519, 0.011
16.856, 0.014, 0.000, 0.000, 0.000, 0.000, 0.000, 0.000, 133.854, 0.000, 0.000, 0.000, 0.000, 0.000, 285.734, 0.000, 0.000, 0.000, 0.000, 0.000, 179.662, 0.000, 0.000, 0.000, 0.000, 0.000, 347.699, 0.000, 0.000, 0.000, 0.000, 0.000, 75.358, 0.000, 0.000, 0.000, 0.000, 0.000, 468.374, 0.000, 0.000, 0.000, 0.000, 0.000, 107.250, 0.000, 0.000, 0.000, 0.000, 48.327, 0.012
16.623, 0.014, 0.000, 0.000, 0.000, 0.000, 0.000, 0.000, 133.866, 0.000, 0.000, 0.000, 0.000, 0.000, 283.799, 0.000, 0.000, 0.000, 0.000, 0.000, 178.644, 0.000, 0.000, 0.000, 0.000, 0.000, 352.540, 0.000, 0.000, 0.000, 0.000, 0.000, 73.959, 0.000, 0.000, 0.000, 0.000, 0.000, 470.359, 0.000, 0.000, 0.000, 0.000, 0.000, 106.422, 0.000, 0.000, 0.000, 0.000, 47.923, 0.011
Running benchmark for /home/pei/Project/benchmarks/imdb_job-postgres/queries/23a.sql...
14.481, 0.000, 0.000, 0.000, 0.000, 0.007, 0.017, 0.000, 410.627, 0.036, 0.039, 0.550, 0.017, 0.208, 13.912, 0.030, 0.034, 0.805, 0.042, 0.133, 197.936, 0.036, 0.037, 0.412, 0.019, 0.152, 1.968, 0.016, 0.019, 0.283, 0.019, 0.111, 73.912, 0.036, 0.033, 0.740, 0.020, 0.186, 599.107, 0.080, 0.067, 0.936, 0.063, 0.324, 1.980, 0.053, 0.040, 0.689, 0.059, 0.194, 1.847, 0.050, 0.034, 0.016, 0.000, 3.662, 0.029
14.569, 0.016, 0.000, 0.000, 0.000, 0.000, 0.000, 0.000, 418.922, 0.000, 0.000, 0.000, 0.000, 0.000, 14.794, 0.000, 0.000, 0.000, 0.000, 0.000, 204.855, 0.000, 0.000, 0.000, 0.000, 0.000, 2.183, 0.000, 0.000, 0.000, 0.000, 0.000, 73.719, 0.000, 0.000, 0.000, 0.000, 0.000, 73.490, 0.000, 0.000, 0.000, 0.000, 0.000, 0.870, 0.000, 0.000, 0.000, 0.000, 0.000, 0.706, 0.000, 0.000, 0.000, 0.000, 1.140, 0.024
14.599, 0.013, 0.000, 0.000, 0.000, 0.000, 0.000, 0.000, 853.121, 0.000, 0.000, 0.000, 0.000, 0.000, 14.487, 0.000, 0.000, 0.000, 0.000, 0.000, 213.071, 0.000, 0.000, 0.000, 0.000, 0.000, 2.300, 0.000, 0.000, 0.000, 0.000, 0.000, 74.958, 0.000, 0.000, 0.000, 0.000, 0.000, 75.963, 0.000, 0.000, 0.000, 0.000, 0.000, 0.976, 0.000, 0.000, 0.000, 0.000, 0.000, 0.714, 0.000, 0.000, 0.000, 0.000, 1.357, 0.012
14.672, 0.013, 0.000, 0.000, 0.000, 0.000, 0.000, 0.000, 399.210, 0.000, 0.000, 0.000, 0.000, 0.000, 13.970, 0.000, 0.000, 0.000, 0.000, 0.000, 201.202, 0.000, 0.000, 0.000, 0.000, 0.000, 2.161, 0.000, 0.000, 0.000, 0.000, 0.000, 74.134, 0.000, 0.000, 0.000, 0.000, 0.000, 73.718, 0.000, 0.000, 0.000, 0.000, 0.000, 0.880, 0.000, 0.000, 0.000, 0.000, 0.000, 0.680, 0.000, 0.000, 0.000, 0.000, 1.079, 0.039
14.713, 0.013, 0.000, 0.000, 0.000, 0.000, 0.000, 0.000, 401.169, 0.000, 0.000, 0.000, 0.000, 0.000, 14.101, 0.000, 0.000, 0.000, 0.000, 0.000, 205.169, 0.000, 0.000, 0.000, 0.000, 0.000, 2.245, 0.000, 0.000, 0.000, 0.000, 0.000, 73.907, 0.000, 0.000, 0.000, 0.000, 0.000, 73.684, 0.000, 0.000, 0.000, 0.000, 0.000, 0.935, 0.000, 0.000, 0.000, 0.000, 0.000, 0.645, 0.000, 0.000, 0.000, 0.000, 1.076, 0.011
14.651, 0.013, 0.000, 0.000, 0.000, 0.000, 0.000, 0.000, 399.404, 0.000, 0.000, 0.000, 0.000, 0.000, 13.972, 0.000, 0.000, 0.000, 0.000, 0.000, 221.791, 0.000, 0.000, 0.000, 0.000, 0.000, 2.208, 0.000, 0.000, 0.000, 0.000, 0.000, 74.561, 0.000, 0.000, 0.000, 0.000, 0.000, 74.132, 0.000, 0.000, 0.000, 0.000, 0.000, 1.018, 0.000, 0.000, 0.000, 0.000, 0.000, 0.748, 0.000, 0.000, 0.000, 0.000, 1.129, 0.024
14.804, 0.013, 0.000, 0.000, 0.000, 0.000, 0.000, 0.000, 403.416, 0.000, 0.000, 0.000, 0.000, 0.000, 13.903, 0.000, 0.000, 0.000, 0.000, 0.000, 200.617, 0.000, 0.000, 0.000, 0.000, 0.000, 2.171, 0.000, 0.000, 0.000, 0.000, 0.000, 72.774, 0.000, 0.000, 0.000, 0.000, 0.000, 73.220, 0.000, 0.000, 0.000, 0.000, 0.000, 0.889, 0.000, 0.000, 0.000, 0.000, 0.000, 0.705, 0.000, 0.000, 0.000, 0.000, 1.084, 0.011
14.416, 0.013, 0.000, 0.000, 0.000, 0.000, 0.000, 0.000, 403.523, 0.000, 0.000, 0.000, 0.000, 0.000, 14.031, 0.000, 0.000, 0.000, 0.000, 0.000, 200.688, 0.000, 0.000, 0.000, 0.000, 0.000, 2.195, 0.000, 0.000, 0.000, 0.000, 0.000, 72.532, 0.000, 0.000, 0.000, 0.000, 0.000, 73.456, 0.000, 0.000, 0.000, 0.000, 0.000, 0.946, 0.000, 0.000, 0.000, 0.000, 0.000, 0.693, 0.000, 0.000, 0.000, 0.000, 1.126, 0.025
Running benchmark for /home/pei/Project/benchmarks/imdb_job-postgres/queries/23b.sql...
29.383, 0.000, 0.000, 0.000, 0.000, 0.012, 0.029, 0.000, 400.557, 0.032, 0.040, 0.548, 0.017, 0.208, 13.135, 0.017, 0.026, 0.730, 0.026, 0.131, 198.921, 0.034, 0.036, 0.412, 0.020, 0.156, 1.971, 0.016, 0.020, 0.304, 0.019, 0.113, 74.362, 0.018, 0.021, 0.697, 0.021, 0.221, 35.488, 0.019, 0.023, 0.008, 0.000, 1.923, 0.008
14.674, 0.015, 0.000, 0.000, 0.000, 0.000, 0.000, 0.000, 402.354, 0.000, 0.000, 0.000, 0.000, 0.000, 13.170, 0.000, 0.000, 0.000, 0.000, 0.000, 197.150, 0.000, 0.000, 0.000, 0.000, 0.000, 2.239, 0.000, 0.000, 0.000, 0.000, 0.000, 75.725, 0.000, 0.000, 0.000, 0.000, 0.000, 14.108, 0.000, 0.000, 0.000, 0.000, 1.978, 0.011
14.855, 0.014, 0.000, 0.000, 0.000, 0.000, 0.000, 0.000, 414.076, 0.000, 0.000, 0.000, 0.000, 0.000, 13.277, 0.000, 0.000, 0.000, 0.000, 0.000, 195.073, 0.000, 0.000, 0.000, 0.000, 0.000, 2.281, 0.000, 0.000, 0.000, 0.000, 0.000, 74.345, 0.000, 0.000, 0.000, 0.000, 0.000, 14.646, 0.000, 0.000, 0.000, 0.000, 1.985, 0.011
14.617, 0.013, 0.000, 0.000, 0.000, 0.000, 0.000, 0.000, 399.921, 0.000, 0.000, 0.000, 0.000, 0.000, 13.330, 0.000, 0.000, 0.000, 0.000, 0.000, 195.989, 0.000, 0.000, 0.000, 0.000, 0.000, 2.230, 0.000, 0.000, 0.000, 0.000, 0.000, 73.695, 0.000, 0.000, 0.000, 0.000, 0.000, 14.188, 0.000, 0.000, 0.000, 0.000, 1.989, 0.011
14.668, 0.014, 0.000, 0.000, 0.000, 0.000, 0.000, 0.000, 399.953, 0.000, 0.000, 0.000, 0.000, 0.000, 13.419, 0.000, 0.000, 0.000, 0.000, 0.000, 195.247, 0.000, 0.000, 0.000, 0.000, 0.000, 2.269, 0.000, 0.000, 0.000, 0.000, 0.000, 74.435, 0.000, 0.000, 0.000, 0.000, 0.000, 14.295, 0.000, 0.000, 0.000, 0.000, 1.987, 0.011
15.282, 0.014, 0.000, 0.000, 0.000, 0.000, 0.000, 0.000, 399.375, 0.000, 0.000, 0.000, 0.000, 0.000, 13.286, 0.000, 0.000, 0.000, 0.000, 0.000, 198.166, 0.000, 0.000, 0.000, 0.000, 0.000, 2.273, 0.000, 0.000, 0.000, 0.000, 0.000, 75.558, 0.000, 0.000, 0.000, 0.000, 0.000, 14.369, 0.000, 0.000, 0.000, 0.000, 2.021, 0.012
14.919, 0.014, 0.000, 0.000, 0.000, 0.000, 0.000, 0.000, 398.359, 0.000, 0.000, 0.000, 0.000, 0.000, 13.208, 0.000, 0.000, 0.000, 0.000, 0.000, 194.731, 0.000, 0.000, 0.000, 0.000, 0.000, 2.145, 0.000, 0.000, 0.000, 0.000, 0.000, 72.814, 0.000, 0.000, 0.000, 0.000, 0.000, 14.120, 0.000, 0.000, 0.000, 0.000, 1.953, 0.011
14.794, 0.014, 0.000, 0.000, 0.000, 0.000, 0.000, 0.000, 400.378, 0.000, 0.000, 0.000, 0.000, 0.000, 13.059, 0.000, 0.000, 0.000, 0.000, 0.000, 196.962, 0.000, 0.000, 0.000, 0.000, 0.000, 2.245, 0.000, 0.000, 0.000, 0.000, 0.000, 73.879, 0.000, 0.000, 0.000, 0.000, 0.000, 22.395, 0.000, 0.000, 0.000, 0.000, 1.861, 0.024
Running benchmark for /home/pei/Project/benchmarks/imdb_job-postgres/queries/23c.sql...
10.756, 0.000, 0.000, 0.000, 0.000, 0.011, 0.022, 0.000, 398.539, 0.036, 0.042, 0.561, 0.017, 0.206, 13.160, 0.017, 0.025, 0.684, 0.026, 0.133, 211.879, 0.036, 0.038, 0.430, 0.021, 0.202, 8.794, 0.016, 0.021, 0.290, 0.019, 0.114, 107.750, 0.036, 0.027, 1.280, 0.021, 0.194, 617.209, 0.109, 0.094, 1.340, 0.094, 0.453, 3.110, 0.075, 0.061, 1.190, 0.091, 0.297, 2.747, 0.075, 0.052, 0.025, 0.000, 4.199, 0.036
11.058, 0.014, 0.000, 0.000, 0.000, 0.000, 0.000, 0.000, 402.584, 0.000, 0.000, 0.000, 0.000, 0.000, 13.306, 0.000, 0.000, 0.000, 0.000, 0.000, 207.196, 0.000, 0.000, 0.000, 0.000, 0.000, 9.183, 0.000, 0.000, 0.000, 0.000, 0.000, 103.221, 0.000, 0.000, 0.000, 0.000, 0.000, 157.644, 0.000, 0.000, 0.000, 0.000, 0.000, 0.934, 0.000, 0.000, 0.000, 0.000, 0.000, 0.707, 0.000, 0.000, 0.000, 0.000, 0.973, 0.011
10.946, 0.014, 0.000, 0.000, 0.000, 0.000, 0.000, 0.000, 395.698, 0.000, 0.000, 0.000, 0.000, 0.000, 13.242, 0.000, 0.000, 0.000, 0.000, 0.000, 211.851, 0.000, 0.000, 0.000, 0.000, 0.000, 9.288, 0.000, 0.000, 0.000, 0.000, 0.000, 108.897, 0.000, 0.000, 0.000, 0.000, 0.000, 161.472, 0.000, 0.000, 0.000, 0.000, 0.000, 1.023, 0.000, 0.000, 0.000, 0.000, 0.000, 0.722, 0.000, 0.000, 0.000, 0.000, 0.978, 0.012
10.809, 0.014, 0.000, 0.000, 0.000, 0.000, 0.000, 0.000, 398.053, 0.000, 0.000, 0.000, 0.000, 0.000, 13.330, 0.000, 0.000, 0.000, 0.000, 0.000, 207.738, 0.000, 0.000, 0.000, 0.000, 0.000, 9.246, 0.000, 0.000, 0.000, 0.000, 0.000, 108.808, 0.000, 0.000, 0.000, 0.000, 0.000, 158.526, 0.000, 0.000, 0.000, 0.000, 0.000, 0.906, 0.000, 0.000, 0.000, 0.000, 0.000, 0.648, 0.000, 0.000, 0.000, 0.000, 0.932, 0.011
10.916, 0.021, 0.000, 0.000, 0.000, 0.000, 0.000, 0.000, 399.077, 0.000, 0.000, 0.000, 0.000, 0.000, 13.419, 0.000, 0.000, 0.000, 0.000, 0.000, 210.661, 0.000, 0.000, 0.000, 0.000, 0.000, 9.302, 0.000, 0.000, 0.000, 0.000, 0.000, 106.977, 0.000, 0.000, 0.000, 0.000, 0.000, 158.767, 0.000, 0.000, 0.000, 0.000, 0.000, 0.918, 0.000, 0.000, 0.000, 0.000, 0.000, 0.736, 0.000, 0.000, 0.000, 0.000, 0.964, 0.024
10.950, 0.015, 0.000, 0.000, 0.000, 0.000, 0.000, 0.000, 402.935, 0.000, 0.000, 0.000, 0.000, 0.000, 13.292, 0.000, 0.000, 0.000, 0.000, 0.000, 214.885, 0.000, 0.000, 0.000, 0.000, 0.000, 9.193, 0.000, 0.000, 0.000, 0.000, 0.000, 103.851, 0.000, 0.000, 0.000, 0.000, 0.000, 156.795, 0.000, 0.000, 0.000, 0.000, 0.000, 0.937, 0.000, 0.000, 0.000, 0.000, 0.000, 0.726, 0.000, 0.000, 0.000, 0.000, 0.985, 0.025
10.720, 0.014, 0.000, 0.000, 0.000, 0.000, 0.000, 0.000, 397.910, 0.000, 0.000, 0.000, 0.000, 0.000, 13.226, 0.000, 0.000, 0.000, 0.000, 0.000, 209.265, 0.000, 0.000, 0.000, 0.000, 0.000, 9.095, 0.000, 0.000, 0.000, 0.000, 0.000, 106.951, 0.000, 0.000, 0.000, 0.000, 0.000, 157.565, 0.000, 0.000, 0.000, 0.000, 0.000, 0.954, 0.000, 0.000, 0.000, 0.000, 0.000, 0.737, 0.000, 0.000, 0.000, 0.000, 0.999, 0.012
10.691, 0.014, 0.000, 0.000, 0.000, 0.000, 0.000, 0.000, 395.237, 0.000, 0.000, 0.000, 0.000, 0.000, 13.266, 0.000, 0.000, 0.000, 0.000, 0.000, 208.921, 0.000, 0.000, 0.000, 0.000, 0.000, 9.184, 0.000, 0.000, 0.000, 0.000, 0.000, 102.994, 0.000, 0.000, 0.000, 0.000, 0.000, 160.362, 0.000, 0.000, 0.000, 0.000, 0.000, 0.984, 0.000, 0.000, 0.000, 0.000, 0.000, 0.666, 0.000, 0.000, 0.000, 0.000, 0.964, 0.025
Running benchmark for /home/pei/Project/benchmarks/imdb_job-postgres/queries/24a.sql...
30.181, 0.000, 0.000, 0.000, 0.000, 0.009, 0.024, 0.000, 376.375, 0.045, 0.044, 0.910, 0.018, 0.246, 402.792, 0.039, 0.040, 0.617, 0.024, 0.210, 798.880, 0.039, 0.047, 0.505, 0.034, 0.126, 70.805, 0.034, 0.036, 0.511, 0.032, 0.132, 40.174, 0.029, 0.035, 0.454, 0.035, 0.151, 92.177, 0.036, 0.034, 0.482, 0.036, 0.158, 17.490, 0.036, 0.030, 0.628, 0.035, 0.165, 123.662, 0.032, 0.029, 0.012, 0.000, 131.685, 0.040
14.771, 0.014, 0.000, 0.000, 0.000, 0.000, 0.000, 0.000, 376.185, 0.000, 0.000, 0.000, 0.000, 0.000, 396.791, 0.000, 0.000, 0.000, 0.000, 0.000, 801.465, 0.000, 0.000, 0.000, 0.000, 0.000, 66.997, 0.000, 0.000, 0.000, 0.000, 0.000, 40.353, 0.000, 0.000, 0.000, 0.000, 0.000, 92.334, 0.000, 0.000, 0.000, 0.000, 0.000, 17.940, 0.000, 0.000, 0.000, 0.000, 0.000, 131.750, 0.000, 0.000, 0.000, 0.000, 10.725, 0.012
15.078, 0.014, 0.000, 0.000, 0.000, 0.000, 0.000, 0.000, 382.702, 0.000, 0.000, 0.000, 0.000, 0.000, 403.957, 0.000, 0.000, 0.000, 0.000, 0.000, 801.619, 0.000, 0.000, 0.000, 0.000, 0.000, 71.621, 0.000, 0.000, 0.000, 0.000, 0.000, 39.893, 0.000, 0.000, 0.000, 0.000, 0.000, 92.578, 0.000, 0.000, 0.000, 0.000, 0.000, 17.778, 0.000, 0.000, 0.000, 0.000, 0.000, 127.765, 0.000, 0.000, 0.000, 0.000, 11.058, 0.025
15.114, 0.014, 0.000, 0.000, 0.000, 0.000, 0.000, 0.000, 371.896, 0.000, 0.000, 0.000, 0.000, 0.000, 410.672, 0.000, 0.000, 0.000, 0.000, 0.000, 801.399, 0.000, 0.000, 0.000, 0.000, 0.000, 67.433, 0.000, 0.000, 0.000, 0.000, 0.000, 39.878, 0.000, 0.000, 0.000, 0.000, 0.000, 91.514, 0.000, 0.000, 0.000, 0.000, 0.000, 17.541, 0.000, 0.000, 0.000, 0.000, 0.000, 124.911, 0.000, 0.000, 0.000, 0.000, 10.795, 0.012
15.127, 0.014, 0.000, 0.000, 0.000, 0.000, 0.000, 0.000, 370.124, 0.000, 0.000, 0.000, 0.000, 0.000, 404.520, 0.000, 0.000, 0.000, 0.000, 0.000, 799.022, 0.000, 0.000, 0.000, 0.000, 0.000, 68.621, 0.000, 0.000, 0.000, 0.000, 0.000, 40.240, 0.000, 0.000, 0.000, 0.000, 0.000, 92.348, 0.000, 0.000, 0.000, 0.000, 0.000, 17.781, 0.000, 0.000, 0.000, 0.000, 0.000, 133.607, 0.000, 0.000, 0.000, 0.000, 11.009, 0.041
15.116, 0.014, 0.000, 0.000, 0.000, 0.000, 0.000, 0.000, 379.428, 0.000, 0.000, 0.000, 0.000, 0.000, 396.129, 0.000, 0.000, 0.000, 0.000, 0.000, 808.134, 0.000, 0.000, 0.000, 0.000, 0.000, 71.117, 0.000, 0.000, 0.000, 0.000, 0.000, 40.197, 0.000, 0.000, 0.000, 0.000, 0.000, 92.784, 0.000, 0.000, 0.000, 0.000, 0.000, 18.060, 0.000, 0.000, 0.000, 0.000, 0.000, 133.978, 0.000, 0.000, 0.000, 0.000, 10.713, 0.011
14.791, 0.014, 0.000, 0.000, 0.000, 0.000, 0.000, 0.000, 373.081, 0.000, 0.000, 0.000, 0.000, 0.000, 406.022, 0.000, 0.000, 0.000, 0.000, 0.000, 799.757, 0.000, 0.000, 0.000, 0.000, 0.000, 67.818, 0.000, 0.000, 0.000, 0.000, 0.000, 40.081, 0.000, 0.000, 0.000, 0.000, 0.000, 91.935, 0.000, 0.000, 0.000, 0.000, 0.000, 17.477, 0.000, 0.000, 0.000, 0.000, 0.000, 124.365, 0.000, 0.000, 0.000, 0.000, 10.836, 0.027
14.712, 0.015, 0.000, 0.000, 0.000, 0.000, 0.000, 0.000, 369.294, 0.000, 0.000, 0.000, 0.000, 0.000, 396.500, 0.000, 0.000, 0.000, 0.000, 0.000, 798.009, 0.000, 0.000, 0.000, 0.000, 0.000, 66.947, 0.000, 0.000, 0.000, 0.000, 0.000, 39.714, 0.000, 0.000, 0.000, 0.000, 0.000, 90.737, 0.000, 0.000, 0.000, 0.000, 0.000, 17.440, 0.000, 0.000, 0.000, 0.000, 0.000, 125.292, 0.000, 0.000, 0.000, 0.000, 11.045, 0.025
Running benchmark for /home/pei/Project/benchmarks/imdb_job-postgres/queries/24b.sql...
33.717, 0.000, 0.000, 0.000, 0.000, 0.014, 0.037, 0.000, 45.666, 0.030, 0.045, 0.899, 0.020, 0.270, 803.627, 0.036, 0.042, 0.882, 0.051, 0.073, 16.474, 0.029, 0.026, 0.398, 0.034, 0.103, 1.051, 0.015, 0.020, 0.381, 0.035, 0.127, 1.069, 0.016, 0.020, 0.315, 0.034, 0.114, 0.654, 0.028, 0.017, 0.673, 0.036, 0.190, 1.251, 0.028, 0.016, 0.008, 0.000, 0.642, 0.022
11.664, 0.015, 0.000, 0.000, 0.000, 0.000, 0.000, 0.000, 18.303, 0.000, 0.000, 0.000, 0.000, 0.000, 802.462, 0.000, 0.000, 0.000, 0.000, 0.000, 15.776, 0.000, 0.000, 0.000, 0.000, 0.000, 1.153, 0.000, 0.000, 0.000, 0.000, 0.000, 1.305, 0.000, 0.000, 0.000, 0.000, 0.000, 0.754, 0.000, 0.000, 0.000, 0.000, 0.000, 1.481, 0.000, 0.000, 0.000, 0.000, 0.489, 0.014
11.385, 0.014, 0.000, 0.000, 0.000, 0.000, 0.000, 0.000, 19.207, 0.000, 0.000, 0.000, 0.000, 0.000, 800.992, 0.000, 0.000, 0.000, 0.000, 0.000, 16.098, 0.000, 0.000, 0.000, 0.000, 0.000, 1.214, 0.000, 0.000, 0.000, 0.000, 0.000, 1.229, 0.000, 0.000, 0.000, 0.000, 0.000, 0.829, 0.000, 0.000, 0.000, 0.000, 0.000, 1.434, 0.000, 0.000, 0.000, 0.000, 0.520, 0.024
11.424, 0.014, 0.000, 0.000, 0.000, 0.000, 0.000, 0.000, 18.264, 0.000, 0.000, 0.000, 0.000, 0.000, 802.143, 0.000, 0.000, 0.000, 0.000, 0.000, 15.623, 0.000, 0.000, 0.000, 0.000, 0.000, 1.214, 0.000, 0.000, 0.000, 0.000, 0.000, 1.240, 0.000, 0.000, 0.000, 0.000, 0.000, 0.831, 0.000, 0.000, 0.000, 0.000, 0.000, 1.447, 0.000, 0.000, 0.000, 0.000, 0.490, 0.024
11.724, 0.014, 0.000, 0.000, 0.000, 0.000, 0.000, 0.000, 19.023, 0.000, 0.000, 0.000, 0.000, 0.000, 813.483, 0.000, 0.000, 0.000, 0.000, 0.000, 15.825, 0.000, 0.000, 0.000, 0.000, 0.000, 1.195, 0.000, 0.000, 0.000, 0.000, 0.000, 1.236, 0.000, 0.000, 0.000, 0.000, 0.000, 0.737, 0.000, 0.000, 0.000, 0.000, 0.000, 1.455, 0.000, 0.000, 0.000, 0.000, 0.525, 0.039
345.429, 0.046, 0.000, 0.000, 0.000, 0.000, 0.000, 0.000, 26.094, 0.000, 0.000, 0.000, 0.000, 0.000, 808.007, 0.000, 0.000, 0.000, 0.000, 0.000, 15.774, 0.000, 0.000, 0.000, 0.000, 0.000, 1.150, 0.000, 0.000, 0.000, 0.000, 0.000, 1.234, 0.000, 0.000, 0.000, 0.000, 0.000, 0.770, 0.000, 0.000, 0.000, 0.000, 0.000, 1.564, 0.000, 0.000, 0.000, 0.000, 0.498, 0.010
11.539, 0.014, 0.000, 0.000, 0.000, 0.000, 0.000, 0.000, 17.776, 0.000, 0.000, 0.000, 0.000, 0.000, 803.803, 0.000, 0.000, 0.000, 0.000, 0.000, 16.680, 0.000, 0.000, 0.000, 0.000, 0.000, 1.180, 0.000, 0.000, 0.000, 0.000, 0.000, 1.320, 0.000, 0.000, 0.000, 0.000, 0.000, 0.801, 0.000, 0.000, 0.000, 0.000, 0.000, 1.516, 0.000, 0.000, 0.000, 0.000, 0.521, 0.011
11.337, 0.014, 0.000, 0.000, 0.000, 0.000, 0.000, 0.000, 18.856, 0.000, 0.000, 0.000, 0.000, 0.000, 802.004, 0.000, 0.000, 0.000, 0.000, 0.000, 15.646, 0.000, 0.000, 0.000, 0.000, 0.000, 1.110, 0.000, 0.000, 0.000, 0.000, 0.000, 1.252, 0.000, 0.000, 0.000, 0.000, 0.000, 0.776, 0.000, 0.000, 0.000, 0.000, 0.000, 1.449, 0.000, 0.000, 0.000, 0.000, 0.515, 0.026
Running benchmark for /home/pei/Project/benchmarks/imdb_job-postgres/queries/25a.sql...
9.844, 0.000, 0.000, 0.000, 0.000, 0.006, 0.016, 0.000, 116.313, 0.033, 0.039, 0.422, 0.024, 0.371, 553.464, 0.037, 0.042, 0.722, 0.023, 0.176, 58.048, 0.032, 0.027, 0.012, 0.000, 706.711, 0.027
9.884, 0.014, 0.000, 0.000, 0.000, 0.000, 0.000, 0.000, 118.555, 0.000, 0.000, 0.000, 0.000, 0.000, 455.929, 0.000, 0.000, 0.000, 0.000, 0.000, 57.215, 0.000, 0.000, 0.000, 0.000, 655.575, 0.015
9.906, 0.014, 0.000, 0.000, 0.000, 0.000, 0.000, 0.000, 120.545, 0.000, 0.000, 0.000, 0.000, 0.000, 449.352, 0.000, 0.000, 0.000, 0.000, 0.000, 56.792, 0.000, 0.000, 0.000, 0.000, 686.662, 0.012
10.007, 0.014, 0.000, 0.000, 0.000, 0.000, 0.000, 0.000, 122.469, 0.000, 0.000, 0.000, 0.000, 0.000, 452.823, 0.000, 0.000, 0.000, 0.000, 0.000, 57.912, 0.000, 0.000, 0.000, 0.000, 656.350, 0.012
9.855, 0.014, 0.000, 0.000, 0.000, 0.000, 0.000, 0.000, 116.361, 0.000, 0.000, 0.000, 0.000, 0.000, 450.157, 0.000, 0.000, 0.000, 0.000, 0.000, 56.854, 0.000, 0.000, 0.000, 0.000, 673.630, 0.026
9.882, 0.014, 0.000, 0.000, 0.000, 0.000, 0.000, 0.000, 115.559, 0.000, 0.000, 0.000, 0.000, 0.000, 451.966, 0.000, 0.000, 0.000, 0.000, 0.000, 58.656, 0.000, 0.000, 0.000, 0.000, 678.730, 0.027
9.892, 0.013, 0.000, 0.000, 0.000, 0.000, 0.000, 0.000, 115.484, 0.000, 0.000, 0.000, 0.000, 0.000, 461.811, 0.000, 0.000, 0.000, 0.000, 0.000, 57.921, 0.000, 0.000, 0.000, 0.000, 690.854, 0.012
9.597, 0.013, 0.000, 0.000, 0.000, 0.000, 0.000, 0.000, 123.979, 0.000, 0.000, 0.000, 0.000, 0.000, 451.590, 0.000, 0.000, 0.000, 0.000, 0.000, 56.536, 0.000, 0.000, 0.000, 0.000, 655.898, 0.027
Running benchmark for /home/pei/Project/benchmarks/imdb_job-postgres/queries/25b.sql...
7.721, 0.000, 0.000, 0.000, 0.000, 0.012, 0.020, 0.000, 340.683, 0.038, 0.044, 0.688, 0.022, 0.223, 0.775, 0.015, 0.017, 0.294, 0.031, 0.198, 1.225, 0.016, 0.018, 0.009, 0.000, 0.607, 0.008
7.723, 0.015, 0.000, 0.000, 0.000, 0.000, 0.000, 0.000, 305.925, 0.000, 0.000, 0.000, 0.000, 0.000, 0.935, 0.000, 0.000, 0.000, 0.000, 0.000, 1.378, 0.000, 0.000, 0.000, 0.000, 0.609, 0.011
7.691, 0.013, 0.000, 0.000, 0.000, 0.000, 0.000, 0.000, 310.565, 0.000, 0.000, 0.000, 0.000, 0.000, 0.960, 0.000, 0.000, 0.000, 0.000, 0.000, 1.448, 0.000, 0.000, 0.000, 0.000, 0.615, 0.012
7.741, 0.014, 0.000, 0.000, 0.000, 0.000, 0.000, 0.000, 306.749, 0.000, 0.000, 0.000, 0.000, 0.000, 0.905, 0.000, 0.000, 0.000, 0.000, 0.000, 1.395, 0.000, 0.000, 0.000, 0.000, 0.617, 0.012
7.799, 0.014, 0.000, 0.000, 0.000, 0.000, 0.000, 0.000, 308.612, 0.000, 0.000, 0.000, 0.000, 0.000, 0.914, 0.000, 0.000, 0.000, 0.000, 0.000, 1.407, 0.000, 0.000, 0.000, 0.000, 0.621, 0.012
7.798, 0.013, 0.000, 0.000, 0.000, 0.000, 0.000, 0.000, 309.042, 0.000, 0.000, 0.000, 0.000, 0.000, 0.942, 0.000, 0.000, 0.000, 0.000, 0.000, 1.391, 0.000, 0.000, 0.000, 0.000, 0.616, 0.014
7.699, 0.014, 0.000, 0.000, 0.000, 0.000, 0.000, 0.000, 313.524, 0.000, 0.000, 0.000, 0.000, 0.000, 0.936, 0.000, 0.000, 0.000, 0.000, 0.000, 1.386, 0.000, 0.000, 0.000, 0.000, 0.613, 0.012
7.696, 0.013, 0.000, 0.000, 0.000, 0.000, 0.000, 0.000, 306.096, 0.000, 0.000, 0.000, 0.000, 0.000, 0.916, 0.000, 0.000, 0.000, 0.000, 0.000, 1.406, 0.000, 0.000, 0.000, 0.000, 0.605, 0.012
Running benchmark for /home/pei/Project/benchmarks/imdb_job-postgres/queries/25c.sql...
6.705, 0.000, 0.000, 0.000, 0.000, 0.010, 0.022, 0.000, 111.799, 0.037, 0.040, 0.397, 0.019, 0.317, 244.239, 0.036, 0.037, 0.690, 0.021, 0.128, 127.244, 0.035, 0.036, 0.086, 0.035, 0.316, 328.396, 0.037, 0.036, 0.012, 0.000, 2132.315, 0.040
6.740, 0.014, 0.000, 0.000, 0.000, 0.000, 0.000, 0.000, 111.267, 0.000, 0.000, 0.000, 0.000, 0.000, 238.850, 0.000, 0.000, 0.000, 0.000, 0.000, 127.292, 0.000, 0.000, 0.000, 0.000, 0.000, 328.401, 0.000, 0.000, 0.000, 0.000, 2134.187, 0.013
6.711, 0.013, 0.000, 0.000, 0.000, 0.000, 0.000, 0.000, 111.832, 0.000, 0.000, 0.000, 0.000, 0.000, 236.608, 0.000, 0.000, 0.000, 0.000, 0.000, 126.888, 0.000, 0.000, 0.000, 0.000, 0.000, 329.534, 0.000, 0.000, 0.000, 0.000, 2131.172, 0.028
6.763, 0.014, 0.000, 0.000, 0.000, 0.000, 0.000, 0.000, 113.408, 0.000, 0.000, 0.000, 0.000, 0.000, 251.596, 0.000, 0.000, 0.000, 0.000, 0.000, 129.152, 0.000, 0.000, 0.000, 0.000, 0.000, 322.798, 0.000, 0.000, 0.000, 0.000, 2142.387, 0.024
6.789, 0.013, 0.000, 0.000, 0.000, 0.000, 0.000, 0.000, 112.675, 0.000, 0.000, 0.000, 0.000, 0.000, 238.326, 0.000, 0.000, 0.000, 0.000, 0.000, 128.826, 0.000, 0.000, 0.000, 0.000, 0.000, 333.580, 0.000, 0.000, 0.000, 0.000, 2133.731, 0.024
6.720, 0.014, 0.000, 0.000, 0.000, 0.000, 0.000, 0.000, 112.321, 0.000, 0.000, 0.000, 0.000, 0.000, 242.712, 0.000, 0.000, 0.000, 0.000, 0.000, 127.420, 0.000, 0.000, 0.000, 0.000, 0.000, 326.751, 0.000, 0.000, 0.000, 0.000, 2124.398, 0.011
6.709, 0.014, 0.000, 0.000, 0.000, 0.000, 0.000, 0.000, 112.758, 0.000, 0.000, 0.000, 0.000, 0.000, 238.297, 0.000, 0.000, 0.000, 0.000, 0.000, 128.254, 0.000, 0.000, 0.000, 0.000, 0.000, 320.240, 0.000, 0.000, 0.000, 0.000, 2139.686, 0.012
6.605, 0.014, 0.000, 0.000, 0.000, 0.000, 0.000, 0.000, 112.061, 0.000, 0.000, 0.000, 0.000, 0.000, 238.459, 0.000, 0.000, 0.000, 0.000, 0.000, 124.924, 0.000, 0.000, 0.000, 0.000, 0.000, 371.009, 0.000, 0.000, 0.000, 0.000, 2111.370, 0.012
Running benchmark for /home/pei/Project/benchmarks/imdb_job-postgres/queries/26a.sql...
9.661, 0.000, 0.000, 0.000, 0.000, 0.007, 0.017, 0.000, 91.579, 0.036, 0.043, 19.672, 0.044, 0.205, 53.319, 0.038, 0.042, 0.900, 0.028, 0.144, 25.148, 0.018, 0.032, 0.413, 0.019, 0.132, 14.633, 0.016, 0.024, 0.411, 0.019, 0.138, 183.708, 0.034, 0.038, 0.421, 0.019, 0.157, 2.025, 0.015, 0.020, 0.067, 0.018, 0.291, 30.956, 0.059, 0.033, 0.011, 0.000, 159.752, 0.012
9.695, 0.014, 0.000, 0.000, 0.000, 0.000, 0.000, 0.000, 94.262, 0.000, 0.000, 0.000, 0.000, 0.000, 53.335, 0.000, 0.000, 0.000, 0.000, 0.000, 25.605, 0.000, 0.000, 0.000, 0.000, 0.000, 15.029, 0.000, 0.000, 0.000, 0.000, 0.000, 180.476, 0.000, 0.000, 0.000, 0.000, 0.000, 2.180, 0.000, 0.000, 0.000, 0.000, 0.000, 31.797, 0.000, 0.000, 0.000, 0.000, 157.947, 0.027
9.958, 0.014, 0.000, 0.000, 0.000, 0.000, 0.000, 0.000, 95.941, 0.000, 0.000, 0.000, 0.000, 0.000, 53.420, 0.000, 0.000, 0.000, 0.000, 0.000, 25.551, 0.000, 0.000, 0.000, 0.000, 0.000, 14.986, 0.000, 0.000, 0.000, 0.000, 0.000, 179.930, 0.000, 0.000, 0.000, 0.000, 0.000, 2.231, 0.000, 0.000, 0.000, 0.000, 0.000, 31.740, 0.000, 0.000, 0.000, 0.000, 157.573, 0.043
9.973, 0.013, 0.000, 0.000, 0.000, 0.000, 0.000, 0.000, 96.787, 0.000, 0.000, 0.000, 0.000, 0.000, 54.203, 0.000, 0.000, 0.000, 0.000, 0.000, 25.200, 0.000, 0.000, 0.000, 0.000, 0.000, 14.749, 0.000, 0.000, 0.000, 0.000, 0.000, 180.255, 0.000, 0.000, 0.000, 0.000, 0.000, 2.234, 0.000, 0.000, 0.000, 0.000, 0.000, 31.690, 0.000, 0.000, 0.000, 0.000, 159.461, 0.011
9.700, 0.014, 0.000, 0.000, 0.000, 0.000, 0.000, 0.000, 91.978, 0.000, 0.000, 0.000, 0.000, 0.000, 53.653, 0.000, 0.000, 0.000, 0.000, 0.000, 25.087, 0.000, 0.000, 0.000, 0.000, 0.000, 14.703, 0.000, 0.000, 0.000, 0.000, 0.000, 182.280, 0.000, 0.000, 0.000, 0.000, 0.000, 2.208, 0.000, 0.000, 0.000, 0.000, 0.000, 32.031, 0.000, 0.000, 0.000, 0.000, 160.567, 0.024
9.550, 0.014, 0.000, 0.000, 0.000, 0.000, 0.000, 0.000, 99.045, 0.000, 0.000, 0.000, 0.000, 0.000, 53.018, 0.000, 0.000, 0.000, 0.000, 0.000, 25.339, 0.000, 0.000, 0.000, 0.000, 0.000, 14.796, 0.000, 0.000, 0.000, 0.000, 0.000, 182.663, 0.000, 0.000, 0.000, 0.000, 0.000, 2.287, 0.000, 0.000, 0.000, 0.000, 0.000, 31.649, 0.000, 0.000, 0.000, 0.000, 160.073, 0.025
9.703, 0.014, 0.000, 0.000, 0.000, 0.000, 0.000, 0.000, 90.917, 0.000, 0.000, 0.000, 0.000, 0.000, 53.042, 0.000, 0.000, 0.000, 0.000, 0.000, 25.565, 0.000, 0.000, 0.000, 0.000, 0.000, 15.102, 0.000, 0.000, 0.000, 0.000, 0.000, 183.144, 0.000, 0.000, 0.000, 0.000, 0.000, 2.128, 0.000, 0.000, 0.000, 0.000, 0.000, 31.845, 0.000, 0.000, 0.000, 0.000, 157.464, 0.024
9.549, 0.013, 0.000, 0.000, 0.000, 0.000, 0.000, 0.000, 94.201, 0.000, 0.000, 0.000, 0.000, 0.000, 52.573, 0.000, 0.000, 0.000, 0.000, 0.000, 25.561, 0.000, 0.000, 0.000, 0.000, 0.000, 14.960, 0.000, 0.000, 0.000, 0.000, 0.000, 179.223, 0.000, 0.000, 0.000, 0.000, 0.000, 2.239, 0.000, 0.000, 0.000, 0.000, 0.000, 31.837, 0.000, 0.000, 0.000, 0.000, 155.853, 0.012
Running benchmark for /home/pei/Project/benchmarks/imdb_job-postgres/queries/26b.sql...
15.382, 0.000, 0.000, 0.000, 0.000, 0.007, 0.018, 0.000, 59.738, 0.033, 0.043, 1.119, 0.036, 0.215, 13.377, 0.016, 0.028, 0.724, 0.021, 0.129, 3.566, 0.015, 0.021, 0.386, 0.018, 0.114, 2.311, 0.015, 0.018, 0.373, 0.019, 0.129, 13.480, 0.034, 0.037, 0.400, 0.019, 0.154, 0.861, 0.015, 0.018, 0.059, 0.017, 0.207, 6.533, 0.016, 0.018, 0.306, 0.019, 0.083, 2.964, 0.015, 0.013, 0.331, 0.020, 0.149, 1.986, 0.015, 0.012, 0.005, 0.000, 0.381, 0.008
14.876, 0.015, 0.000, 0.000, 0.000, 0.000, 0.000, 0.000, 60.366, 0.000, 0.000, 0.000, 0.000, 0.000, 13.522, 0.000, 0.000, 0.000, 0.000, 0.000, 3.678, 0.000, 0.000, 0.000, 0.000, 0.000, 2.385, 0.000, 0.000, 0.000, 0.000, 0.000, 13.458, 0.000, 0.000, 0.000, 0.000, 0.000, 1.045, 0.000, 0.000, 0.000, 0.000, 0.000, 6.600, 0.000, 0.000, 0.000, 0.000, 0.000, 3.197, 0.000, 0.000, 0.000, 0.000, 0.000, 2.032, 0.000, 0.000, 0.000, 0.000, 0.411, 0.011
15.355, 0.014, 0.000, 0.000, 0.000, 0.000, 0.000, 0.000, 60.800, 0.000, 0.000, 0.000, 0.000, 0.000, 13.226, 0.000, 0.000, 0.000, 0.000, 0.000, 3.708, 0.000, 0.000, 0.000, 0.000, 0.000, 2.416, 0.000, 0.000, 0.000, 0.000, 0.000, 13.607, 0.000, 0.000, 0.000, 0.000, 0.000, 0.986, 0.000, 0.000, 0.000, 0.000, 0.000, 6.667, 0.000, 0.000, 0.000, 0.000, 0.000, 3.086, 0.000, 0.000, 0.000, 0.000, 0.000, 2.016, 0.000, 0.000, 0.000, 0.000, 0.377, 0.011
15.204, 0.014, 0.000, 0.000, 0.000, 0.000, 0.000, 0.000, 60.461, 0.000, 0.000, 0.000, 0.000, 0.000, 13.490, 0.000, 0.000, 0.000, 0.000, 0.000, 3.689, 0.000, 0.000, 0.000, 0.000, 0.000, 2.416, 0.000, 0.000, 0.000, 0.000, 0.000, 13.693, 0.000, 0.000, 0.000, 0.000, 0.000, 1.016, 0.000, 0.000, 0.000, 0.000, 0.000, 6.649, 0.000, 0.000, 0.000, 0.000, 0.000, 3.131, 0.000, 0.000, 0.000, 0.000, 0.000, 2.083, 0.000, 0.000, 0.000, 0.000, 0.389, 0.011
14.979, 0.014, 0.000, 0.000, 0.000, 0.000, 0.000, 0.000, 60.022, 0.000, 0.000, 0.000, 0.000, 0.000, 13.502, 0.000, 0.000, 0.000, 0.000, 0.000, 3.682, 0.000, 0.000, 0.000, 0.000, 0.000, 2.325, 0.000, 0.000, 0.000, 0.000, 0.000, 13.494, 0.000, 0.000, 0.000, 0.000, 0.000, 0.988, 0.000, 0.000, 0.000, 0.000, 0.000, 6.586, 0.000, 0.000, 0.000, 0.000, 0.000, 3.126, 0.000, 0.000, 0.000, 0.000, 0.000, 1.995, 0.000, 0.000, 0.000, 0.000, 0.343, 0.011
15.234, 0.014, 0.000, 0.000, 0.000, 0.000, 0.000, 0.000, 61.305, 0.000, 0.000, 0.000, 0.000, 0.000, 13.460, 0.000, 0.000, 0.000, 0.000, 0.000, 3.653, 0.000, 0.000, 0.000, 0.000, 0.000, 2.471, 0.000, 0.000, 0.000, 0.000, 0.000, 13.665, 0.000, 0.000, 0.000, 0.000, 0.000, 0.967, 0.000, 0.000, 0.000, 0.000, 0.000, 6.666, 0.000, 0.000, 0.000, 0.000, 0.000, 3.133, 0.000, 0.000, 0.000, 0.000, 0.000, 1.996, 0.000, 0.000, 0.000, 0.000, 0.371, 0.011
14.985, 0.014, 0.000, 0.000, 0.000, 0.000, 0.000, 0.000, 61.142, 0.000, 0.000, 0.000, 0.000, 0.000, 13.432, 0.000, 0.000, 0.000, 0.000, 0.000, 3.596, 0.000, 0.000, 0.000, 0.000, 0.000, 2.375, 0.000, 0.000, 0.000, 0.000, 0.000, 13.468, 0.000, 0.000, 0.000, 0.000, 0.000, 1.100, 0.000, 0.000, 0.000, 0.000, 0.000, 6.562, 0.000, 0.000, 0.000, 0.000, 0.000, 3.138, 0.000, 0.000, 0.000, 0.000, 0.000, 1.958, 0.000, 0.000, 0.000, 0.000, 0.338, 0.011
14.459, 0.014, 0.000, 0.000, 0.000, 0.000, 0.000, 0.000, 60.119, 0.000, 0.000, 0.000, 0.000, 0.000, 12.985, 0.000, 0.000, 0.000, 0.000, 0.000, 3.659, 0.000, 0.000, 0.000, 0.000, 0.000, 2.389, 0.000, 0.000, 0.000, 0.000, 0.000, 13.298, 0.000, 0.000, 0.000, 0.000, 0.000, 1.032, 0.000, 0.000, 0.000, 0.000, 0.000, 6.539, 0.000, 0.000, 0.000, 0.000, 0.000, 3.048, 0.000, 0.000, 0.000, 0.000, 0.000, 1.987, 0.000, 0.000, 0.000, 0.000, 0.361, 0.025
Running benchmark for /home/pei/Project/benchmarks/imdb_job-postgres/queries/26c.sql...
18.842, 0.000, 0.000, 0.000, 0.000, 0.010, 0.022, 0.000, 107.130, 0.036, 0.045, 1.189, 0.021, 0.203, 107.293, 0.036, 0.044, 0.902, 0.042, 0.126, 50.132, 0.042, 0.039, 0.483, 0.034, 0.131, 39.607, 0.034, 0.032, 0.463, 0.035, 0.164, 230.337, 0.036, 0.039, 0.417, 0.019, 0.156, 8.515, 0.016, 0.020, 0.070, 0.018, 0.291, 55.968, 0.038, 0.031, 0.011, 0.000, 442.804, 0.024
18.703, 0.015, 0.000, 0.000, 0.000, 0.000, 0.000, 0.000, 114.314, 0.000, 0.000, 0.000, 0.000, 0.000, 108.923, 0.000, 0.000, 0.000, 0.000, 0.000, 49.667, 0.000, 0.000, 0.000, 0.000, 0.000, 38.853, 0.000, 0.000, 0.000, 0.000, 0.000, 243.762, 0.000, 0.000, 0.000, 0.000, 0.000, 8.796, 0.000, 0.000, 0.000, 0.000, 0.000, 54.331, 0.000, 0.000, 0.000, 0.000, 629.041, 0.012
18.498, 0.013, 0.000, 0.000, 0.000, 0.000, 0.000, 0.000, 109.018, 0.000, 0.000, 0.000, 0.000, 0.000, 108.946, 0.000, 0.000, 0.000, 0.000, 0.000, 49.501, 0.000, 0.000, 0.000, 0.000, 0.000, 39.892, 0.000, 0.000, 0.000, 0.000, 0.000, 226.620, 0.000, 0.000, 0.000, 0.000, 0.000, 8.794, 0.000, 0.000, 0.000, 0.000, 0.000, 56.347, 0.000, 0.000, 0.000, 0.000, 437.376, 0.012
18.959, 0.015, 0.000, 0.000, 0.000, 0.000, 0.000, 0.000, 109.353, 0.000, 0.000, 0.000, 0.000, 0.000, 107.864, 0.000, 0.000, 0.000, 0.000, 0.000, 50.522, 0.000, 0.000, 0.000, 0.000, 0.000, 39.581, 0.000, 0.000, 0.000, 0.000, 0.000, 225.450, 0.000, 0.000, 0.000, 0.000, 0.000, 8.824, 0.000, 0.000, 0.000, 0.000, 0.000, 52.903, 0.000, 0.000, 0.000, 0.000, 442.321, 0.012
18.673, 0.013, 0.000, 0.000, 0.000, 0.000, 0.000, 0.000, 108.391, 0.000, 0.000, 0.000, 0.000, 0.000, 108.988, 0.000, 0.000, 0.000, 0.000, 0.000, 49.887, 0.000, 0.000, 0.000, 0.000, 0.000, 39.452, 0.000, 0.000, 0.000, 0.000, 0.000, 231.473, 0.000, 0.000, 0.000, 0.000, 0.000, 8.773, 0.000, 0.000, 0.000, 0.000, 0.000, 60.328, 0.000, 0.000, 0.000, 0.000, 443.608, 0.011
18.444, 0.015, 0.000, 0.000, 0.000, 0.000, 0.000, 0.000, 109.138, 0.000, 0.000, 0.000, 0.000, 0.000, 110.186, 0.000, 0.000, 0.000, 0.000, 0.000, 49.834, 0.000, 0.000, 0.000, 0.000, 0.000, 39.292, 0.000, 0.000, 0.000, 0.000, 0.000, 225.539, 0.000, 0.000, 0.000, 0.000, 0.000, 8.676, 0.000, 0.000, 0.000, 0.000, 0.000, 55.560, 0.000, 0.000, 0.000, 0.000, 444.456, 0.012
18.792, 0.014, 0.000, 0.000, 0.000, 0.000, 0.000, 0.000, 109.709, 0.000, 0.000, 0.000, 0.000, 0.000, 107.721, 0.000, 0.000, 0.000, 0.000, 0.000, 50.460, 0.000, 0.000, 0.000, 0.000, 0.000, 39.241, 0.000, 0.000, 0.000, 0.000, 0.000, 226.589, 0.000, 0.000, 0.000, 0.000, 0.000, 8.663, 0.000, 0.000, 0.000, 0.000, 0.000, 54.582, 0.000, 0.000, 0.000, 0.000, 447.802, 0.012
18.515, 0.014, 0.000, 0.000, 0.000, 0.000, 0.000, 0.000, 108.743, 0.000, 0.000, 0.000, 0.000, 0.000, 107.143, 0.000, 0.000, 0.000, 0.000, 0.000, 50.084, 0.000, 0.000, 0.000, 0.000, 0.000, 39.370, 0.000, 0.000, 0.000, 0.000, 0.000, 227.002, 0.000, 0.000, 0.000, 0.000, 0.000, 8.697, 0.000, 0.000, 0.000, 0.000, 0.000, 80.322, 0.000, 0.000, 0.000, 0.000, 433.737, 0.012
Running benchmark for /home/pei/Project/benchmarks/imdb_job-postgres/queries/27a.sql...
15.335, 0.000, 0.000, 0.000, 0.000, 0.010, 0.023, 0.000, 19.455, 0.039, 0.042, 1.177, 0.020, 0.165, 2.933, 0.016, 0.027, 0.740, 0.026, 0.123, 1.653, 0.015, 0.028, 0.406, 0.047, 0.110, 0.587, 0.015, 0.021, 0.099, 0.036, 0.318, 2.482, 0.028, 0.023, 0.311, 0.034, 0.118, 0.788, 0.015, 0.011, 0.007, 0.000, 0.469, 0.008
937.285, 0.020, 0.000, 0.000, 0.000, 0.000, 0.000, 0.000, 22.111, 0.000, 0.000, 0.000, 0.000, 0.000, 3.034, 0.000, 0.000, 0.000, 0.000, 0.000, 1.650, 0.000, 0.000, 0.000, 0.000, 0.000, 0.593, 0.000, 0.000, 0.000, 0.000, 0.000, 2.873, 0.000, 0.000, 0.000, 0.000, 0.000, 1.004, 0.000, 0.000, 0.000, 0.000, 0.463, 0.011
15.395, 0.014, 0.000, 0.000, 0.000, 0.000, 0.000, 0.000, 21.025, 0.000, 0.000, 0.000, 0.000, 0.000, 3.132, 0.000, 0.000, 0.000, 0.000, 0.000, 1.623, 0.000, 0.000, 0.000, 0.000, 0.000, 0.580, 0.000, 0.000, 0.000, 0.000, 0.000, 2.819, 0.000, 0.000, 0.000, 0.000, 0.000, 1.008, 0.000, 0.000, 0.000, 0.000, 0.460, 0.023
15.464, 0.014, 0.000, 0.000, 0.000, 0.000, 0.000, 0.000, 18.779, 0.000, 0.000, 0.000, 0.000, 0.000, 2.944, 0.000, 0.000, 0.000, 0.000, 0.000, 1.635, 0.000, 0.000, 0.000, 0.000, 0.000, 0.622, 0.000, 0.000, 0.000, 0.000, 0.000, 2.734, 0.000, 0.000, 0.000, 0.000, 0.000, 0.961, 0.000, 0.000, 0.000, 0.000, 0.465, 0.011
15.693, 0.014, 0.000, 0.000, 0.000, 0.000, 0.000, 0.000, 20.146, 0.000, 0.000, 0.000, 0.000, 0.000, 3.060, 0.000, 0.000, 0.000, 0.000, 0.000, 1.609, 0.000, 0.000, 0.000, 0.000, 0.000, 0.569, 0.000, 0.000, 0.000, 0.000, 0.000, 2.672, 0.000, 0.000, 0.000, 0.000, 0.000, 0.899, 0.000, 0.000, 0.000, 0.000, 0.444, 0.011
15.264, 0.014, 0.000, 0.000, 0.000, 0.000, 0.000, 0.000, 19.767, 0.000, 0.000, 0.000, 0.000, 0.000, 3.051, 0.000, 0.000, 0.000, 0.000, 0.000, 1.592, 0.000, 0.000, 0.000, 0.000, 0.000, 0.567, 0.000, 0.000, 0.000, 0.000, 0.000, 2.620, 0.000, 0.000, 0.000, 0.000, 0.000, 0.914, 0.000, 0.000, 0.000, 0.000, 0.450, 0.012
15.326, 0.014, 0.000, 0.000, 0.000, 0.000, 0.000, 0.000, 18.535, 0.000, 0.000, 0.000, 0.000, 0.000, 3.084, 0.000, 0.000, 0.000, 0.000, 0.000, 1.644, 0.000, 0.000, 0.000, 0.000, 0.000, 0.577, 0.000, 0.000, 0.000, 0.000, 0.000, 2.617, 0.000, 0.000, 0.000, 0.000, 0.000, 0.947, 0.000, 0.000, 0.000, 0.000, 0.439, 0.011
15.023, 0.014, 0.000, 0.000, 0.000, 0.000, 0.000, 0.000, 35.409, 0.000, 0.000, 0.000, 0.000, 0.000, 3.163, 0.000, 0.000, 0.000, 0.000, 0.000, 1.593, 0.000, 0.000, 0.000, 0.000, 0.000, 0.588, 0.000, 0.000, 0.000, 0.000, 0.000, 2.639, 0.000, 0.000, 0.000, 0.000, 0.000, 0.949, 0.000, 0.000, 0.000, 0.000, 0.440, 0.013
Running benchmark for /home/pei/Project/benchmarks/imdb_job-postgres/queries/27b.sql...
7.626, 0.000, 0.000, 0.000, 0.000, 0.011, 0.022, 0.000, 12.042, 0.031, 0.033, 1.061, 0.034, 0.104, 2.619, 0.015, 0.024, 0.740, 0.036, 0.092, 1.362, 0.028, 0.022, 0.394, 0.034, 0.112, 0.757, 0.015, 0.020, 0.353, 0.034, 0.108, 0.714, 0.028, 0.018, 0.067, 0.034, 0.200, 1.454, 0.015, 0.019, 0.305, 0.019, 0.119, 0.729, 0.015, 0.013, 0.297, 0.019, 0.132, 0.683, 0.011, 0.011, 0.006, 0.000, 0.331, 0.008
7.709, 0.014, 0.000, 0.000, 0.000, 0.000, 0.000, 0.000, 12.309, 0.000, 0.000, 0.000, 0.000, 0.000, 2.712, 0.000, 0.000, 0.000, 0.000, 0.000, 1.439, 0.000, 0.000, 0.000, 0.000, 0.000, 0.863, 0.000, 0.000, 0.000, 0.000, 0.000, 0.810, 0.000, 0.000, 0.000, 0.000, 0.000, 1.687, 0.000, 0.000, 0.000, 0.000, 0.000, 0.867, 0.000, 0.000, 0.000, 0.000, 0.000, 0.819, 0.000, 0.000, 0.000, 0.000, 0.310, 0.028
7.615, 0.013, 0.000, 0.000, 0.000, 0.000, 0.000, 0.000, 12.293, 0.000, 0.000, 0.000, 0.000, 0.000, 2.680, 0.000, 0.000, 0.000, 0.000, 0.000, 1.441, 0.000, 0.000, 0.000, 0.000, 0.000, 0.841, 0.000, 0.000, 0.000, 0.000, 0.000, 0.734, 0.000, 0.000, 0.000, 0.000, 0.000, 1.691, 0.000, 0.000, 0.000, 0.000, 0.000, 0.862, 0.000, 0.000, 0.000, 0.000, 0.000, 0.817, 0.000, 0.000, 0.000, 0.000, 0.286, 0.011
7.804, 0.014, 0.000, 0.000, 0.000, 0.000, 0.000, 0.000, 12.513, 0.000, 0.000, 0.000, 0.000, 0.000, 2.833, 0.000, 0.000, 0.000, 0.000, 0.000, 1.465, 0.000, 0.000, 0.000, 0.000, 0.000, 0.833, 0.000, 0.000, 0.000, 0.000, 0.000, 0.799, 0.000, 0.000, 0.000, 0.000, 0.000, 1.630, 0.000, 0.000, 0.000, 0.000, 0.000, 0.819, 0.000, 0.000, 0.000, 0.000, 0.000, 0.858, 0.000, 0.000, 0.000, 0.000, 0.329, 0.011
7.765, 0.013, 0.000, 0.000, 0.000, 0.000, 0.000, 0.000, 12.453, 0.000, 0.000, 0.000, 0.000, 0.000, 2.782, 0.000, 0.000, 0.000, 0.000, 0.000, 1.459, 0.000, 0.000, 0.000, 0.000, 0.000, 0.860, 0.000, 0.000, 0.000, 0.000, 0.000, 0.807, 0.000, 0.000, 0.000, 0.000, 0.000, 1.598, 0.000, 0.000, 0.000, 0.000, 0.000, 0.860, 0.000, 0.000, 0.000, 0.000, 0.000, 0.831, 0.000, 0.000, 0.000, 0.000, 0.313, 0.011
7.530, 0.014, 0.000, 0.000, 0.000, 0.000, 0.000, 0.000, 12.341, 0.000, 0.000, 0.000, 0.000, 0.000, 2.661, 0.000, 0.000, 0.000, 0.000, 0.000, 1.532, 0.000, 0.000, 0.000, 0.000, 0.000, 0.820, 0.000, 0.000, 0.000, 0.000, 0.000, 0.792, 0.000, 0.000, 0.000, 0.000, 0.000, 1.624, 0.000, 0.000, 0.000, 0.000, 0.000, 0.816, 0.000, 0.000, 0.000, 0.000, 0.000, 0.875, 0.000, 0.000, 0.000, 0.000, 0.324, 0.011
7.592, 0.014, 0.000, 0.000, 0.000, 0.000, 0.000, 0.000, 12.152, 0.000, 0.000, 0.000, 0.000, 0.000, 2.622, 0.000, 0.000, 0.000, 0.000, 0.000, 1.516, 0.000, 0.000, 0.000, 0.000, 0.000, 0.833, 0.000, 0.000, 0.000, 0.000, 0.000, 0.722, 0.000, 0.000, 0.000, 0.000, 0.000, 1.572, 0.000, 0.000, 0.000, 0.000, 0.000, 0.846, 0.000, 0.000, 0.000, 0.000, 0.000, 0.881, 0.000, 0.000, 0.000, 0.000, 0.286, 0.011
7.530, 0.014, 0.000, 0.000, 0.000, 0.000, 0.000, 0.000, 12.279, 0.000, 0.000, 0.000, 0.000, 0.000, 2.750, 0.000, 0.000, 0.000, 0.000, 0.000, 1.415, 0.000, 0.000, 0.000, 0.000, 0.000, 0.852, 0.000, 0.000, 0.000, 0.000, 0.000, 0.748, 0.000, 0.000, 0.000, 0.000, 0.000, 1.645, 0.000, 0.000, 0.000, 0.000, 0.000, 0.865, 0.000, 0.000, 0.000, 0.000, 0.000, 0.828, 0.000, 0.000, 0.000, 0.000, 0.310, 0.011
Running benchmark for /home/pei/Project/benchmarks/imdb_job-postgres/queries/27c.sql...
12.763, 0.000, 0.000, 0.000, 0.000, 0.007, 0.017, 0.000, 12.146, 0.019, 0.031, 1.069, 0.018, 0.184, 2.565, 0.015, 0.025, 0.757, 0.033, 0.106, 1.380, 0.015, 0.026, 0.388, 0.019, 0.126, 0.488, 0.015, 0.021, 0.100, 0.021, 0.333, 2.458, 0.015, 0.023, 0.293, 0.018, 0.116, 0.835, 0.015, 0.012, 0.008, 0.000, 0.431, 0.007
12.649, 0.014, 0.000, 0.000, 0.000, 0.000, 0.000, 0.000, 12.339, 0.000, 0.000, 0.000, 0.000, 0.000, 2.589, 0.000, 0.000, 0.000, 0.000, 0.000, 1.557, 0.000, 0.000, 0.000, 0.000, 0.000, 0.576, 0.000, 0.000, 0.000, 0.000, 0.000, 2.653, 0.000, 0.000, 0.000, 0.000, 0.000, 0.881, 0.000, 0.000, 0.000, 0.000, 0.418, 0.011
12.646, 0.014, 0.000, 0.000, 0.000, 0.000, 0.000, 0.000, 12.393, 0.000, 0.000, 0.000, 0.000, 0.000, 2.649, 0.000, 0.000, 0.000, 0.000, 0.000, 1.488, 0.000, 0.000, 0.000, 0.000, 0.000, 0.565, 0.000, 0.000, 0.000, 0.000, 0.000, 2.670, 0.000, 0.000, 0.000, 0.000, 0.000, 0.898, 0.000, 0.000, 0.000, 0.000, 0.418, 0.011
12.857, 0.015, 0.000, 0.000, 0.000, 0.000, 0.000, 0.000, 12.462, 0.000, 0.000, 0.000, 0.000, 0.000, 2.741, 0.000, 0.000, 0.000, 0.000, 0.000, 1.523, 0.000, 0.000, 0.000, 0.000, 0.000, 0.583, 0.000, 0.000, 0.000, 0.000, 0.000, 2.712, 0.000, 0.000, 0.000, 0.000, 0.000, 0.894, 0.000, 0.000, 0.000, 0.000, 0.398, 0.011
12.701, 0.014, 0.000, 0.000, 0.000, 0.000, 0.000, 0.000, 12.441, 0.000, 0.000, 0.000, 0.000, 0.000, 2.778, 0.000, 0.000, 0.000, 0.000, 0.000, 1.415, 0.000, 0.000, 0.000, 0.000, 0.000, 0.644, 0.000, 0.000, 0.000, 0.000, 0.000, 2.653, 0.000, 0.000, 0.000, 0.000, 0.000, 0.838, 0.000, 0.000, 0.000, 0.000, 0.433, 0.011
12.520, 0.013, 0.000, 0.000, 0.000, 0.000, 0.000, 0.000, 11.993, 0.000, 0.000, 0.000, 0.000, 0.000, 2.692, 0.000, 0.000, 0.000, 0.000, 0.000, 1.390, 0.000, 0.000, 0.000, 0.000, 0.000, 0.569, 0.000, 0.000, 0.000, 0.000, 0.000, 2.630, 0.000, 0.000, 0.000, 0.000, 0.000, 0.901, 0.000, 0.000, 0.000, 0.000, 0.421, 0.011
12.670, 0.014, 0.000, 0.000, 0.000, 0.000, 0.000, 0.000, 12.324, 0.000, 0.000, 0.000, 0.000, 0.000, 2.649, 0.000, 0.000, 0.000, 0.000, 0.000, 1.433, 0.000, 0.000, 0.000, 0.000, 0.000, 0.579, 0.000, 0.000, 0.000, 0.000, 0.000, 2.626, 0.000, 0.000, 0.000, 0.000, 0.000, 0.879, 0.000, 0.000, 0.000, 0.000, 0.421, 0.011
12.434, 0.014, 0.000, 0.000, 0.000, 0.000, 0.000, 0.000, 12.340, 0.000, 0.000, 0.000, 0.000, 0.000, 2.667, 0.000, 0.000, 0.000, 0.000, 0.000, 1.407, 0.000, 0.000, 0.000, 0.000, 0.000, 0.542, 0.000, 0.000, 0.000, 0.000, 0.000, 2.680, 0.000, 0.000, 0.000, 0.000, 0.000, 0.861, 0.000, 0.000, 0.000, 0.000, 0.429, 0.011
Running benchmark for /home/pei/Project/benchmarks/imdb_job-postgres/queries/28a.sql...
7.566, 0.000, 0.000, 0.000, 0.000, 0.008, 0.017, 0.000, 134.389, 0.032, 0.051, 0.681, 0.021, 0.215, 109.749, 0.039, 0.050, 1.220, 0.028, 0.402, 206.131, 0.032, 0.051, 1.705, 0.022, 0.213, 102.794, 0.034, 0.036, 0.013, 0.000, 360.922, 0.039
7.512, 0.015, 0.000, 0.000, 0.000, 0.000, 0.000, 0.000, 133.723, 0.000, 0.000, 0.000, 0.000, 0.000, 106.309, 0.000, 0.000, 0.000, 0.000, 0.000, 196.333, 0.000, 0.000, 0.000, 0.000, 0.000, 66.223, 0.000, 0.000, 0.000, 0.000, 19.985, 0.012
7.449, 0.014, 0.000, 0.000, 0.000, 0.000, 0.000, 0.000, 139.879, 0.000, 0.000, 0.000, 0.000, 0.000, 106.733, 0.000, 0.000, 0.000, 0.000, 0.000, 194.536, 0.000, 0.000, 0.000, 0.000, 0.000, 62.521, 0.000, 0.000, 0.000, 0.000, 19.838, 0.016
7.618, 0.015, 0.000, 0.000, 0.000, 0.000, 0.000, 0.000, 136.163, 0.000, 0.000, 0.000, 0.000, 0.000, 107.734, 0.000, 0.000, 0.000, 0.000, 0.000, 195.554, 0.000, 0.000, 0.000, 0.000, 0.000, 64.726, 0.000, 0.000, 0.000, 0.000, 19.895, 0.013
7.484, 0.015, 0.000, 0.000, 0.000, 0.000, 0.000, 0.000, 142.289, 0.000, 0.000, 0.000, 0.000, 0.000, 109.268, 0.000, 0.000, 0.000, 0.000, 0.000, 197.222, 0.000, 0.000, 0.000, 0.000, 0.000, 65.683, 0.000, 0.000, 0.000, 0.000, 19.858, 0.026
7.520, 0.014, 0.000, 0.000, 0.000, 0.000, 0.000, 0.000, 139.379, 0.000, 0.000, 0.000, 0.000, 0.000, 107.031, 0.000, 0.000, 0.000, 0.000, 0.000, 195.745, 0.000, 0.000, 0.000, 0.000, 0.000, 68.479, 0.000, 0.000, 0.000, 0.000, 19.637, 0.012
7.413, 0.014, 0.000, 0.000, 0.000, 0.000, 0.000, 0.000, 137.331, 0.000, 0.000, 0.000, 0.000, 0.000, 111.954, 0.000, 0.000, 0.000, 0.000, 0.000, 196.212, 0.000, 0.000, 0.000, 0.000, 0.000, 64.585, 0.000, 0.000, 0.000, 0.000, 20.060, 0.012
7.356, 0.014, 0.000, 0.000, 0.000, 0.000, 0.000, 0.000, 134.312, 0.000, 0.000, 0.000, 0.000, 0.000, 110.147, 0.000, 0.000, 0.000, 0.000, 0.000, 194.720, 0.000, 0.000, 0.000, 0.000, 0.000, 62.278, 0.000, 0.000, 0.000, 0.000, 19.526, 0.012
Running benchmark for /home/pei/Project/benchmarks/imdb_job-postgres/queries/28b.sql...
27.525, 0.000, 0.000, 0.000, 0.000, 0.018, 0.042, 0.000, 109.710, 0.036, 0.049, 0.703, 0.021, 0.212, 76.069, 0.037, 0.046, 1.291, 0.034, 0.412, 73.543, 0.034, 0.049, 1.396, 0.022, 0.223, 32.721, 0.039, 0.030, 0.011, 0.000, 22.050, 0.028
9.185, 0.015, 0.000, 0.000, 0.000, 0.000, 0.000, 0.000, 99.928, 0.000, 0.000, 0.000, 0.000, 0.000, 74.538, 0.000, 0.000, 0.000, 0.000, 0.000, 75.251, 0.000, 0.000, 0.000, 0.000, 0.000, 33.054, 0.000, 0.000, 0.000, 0.000, 2.812, 0.026
9.233, 0.014, 0.000, 0.000, 0.000, 0.000, 0.000, 0.000, 102.080, 0.000, 0.000, 0.000, 0.000, 0.000, 73.572, 0.000, 0.000, 0.000, 0.000, 0.000, 74.624, 0.000, 0.000, 0.000, 0.000, 0.000, 33.169, 0.000, 0.000, 0.000, 0.000, 2.893, 0.026
9.366, 0.014, 0.000, 0.000, 0.000, 0.000, 0.000, 0.000, 102.484, 0.000, 0.000, 0.000, 0.000, 0.000, 75.266, 0.000, 0.000, 0.000, 0.000, 0.000, 75.301, 0.000, 0.000, 0.000, 0.000, 0.000, 33.422, 0.000, 0.000, 0.000, 0.000, 2.890, 0.012
9.620, 0.013, 0.000, 0.000, 0.000, 0.000, 0.000, 0.000, 106.105, 0.000, 0.000, 0.000, 0.000, 0.000, 74.536, 0.000, 0.000, 0.000, 0.000, 0.000, 74.120, 0.000, 0.000, 0.000, 0.000, 0.000, 33.745, 0.000, 0.000, 0.000, 0.000, 2.921, 0.024
9.149, 0.014, 0.000, 0.000, 0.000, 0.000, 0.000, 0.000, 101.409, 0.000, 0.000, 0.000, 0.000, 0.000, 73.185, 0.000, 0.000, 0.000, 0.000, 0.000, 74.157, 0.000, 0.000, 0.000, 0.000, 0.000, 33.038, 0.000, 0.000, 0.000, 0.000, 2.881, 0.039
9.211, 0.014, 0.000, 0.000, 0.000, 0.000, 0.000, 0.000, 100.271, 0.000, 0.000, 0.000, 0.000, 0.000, 72.881, 0.000, 0.000, 0.000, 0.000, 0.000, 74.806, 0.000, 0.000, 0.000, 0.000, 0.000, 32.920, 0.000, 0.000, 0.000, 0.000, 2.867, 0.023
9.093, 0.014, 0.000, 0.000, 0.000, 0.000, 0.000, 0.000, 100.206, 0.000, 0.000, 0.000, 0.000, 0.000, 74.327, 0.000, 0.000, 0.000, 0.000, 0.000, 74.664, 0.000, 0.000, 0.000, 0.000, 0.000, 33.161, 0.000, 0.000, 0.000, 0.000, 2.936, 0.011
Running benchmark for /home/pei/Project/benchmarks/imdb_job-postgres/queries/28c.sql...
8.869, 0.000, 0.000, 0.000, 0.000, 0.011, 0.021, 0.000, 127.601, 0.034, 0.051, 0.701, 0.036, 0.191, 105.403, 0.037, 0.049, 1.328, 0.048, 0.371, 245.273, 0.039, 0.051, 1.558, 0.022, 0.225, 46.227, 0.026, 0.034, 0.013, 0.000, 158.548, 0.016
8.912, 0.014, 0.000, 0.000, 0.000, 0.000, 0.000, 0.000, 129.188, 0.000, 0.000, 0.000, 0.000, 0.000, 104.843, 0.000, 0.000, 0.000, 0.000, 0.000, 247.681, 0.000, 0.000, 0.000, 0.000, 0.000, 46.968, 0.000, 0.000, 0.000, 0.000, 30.445, 0.025
9.058, 0.014, 0.000, 0.000, 0.000, 0.000, 0.000, 0.000, 129.751, 0.000, 0.000, 0.000, 0.000, 0.000, 107.100, 0.000, 0.000, 0.000, 0.000, 0.000, 245.549, 0.000, 0.000, 0.000, 0.000, 0.000, 46.883, 0.000, 0.000, 0.000, 0.000, 30.517, 0.026
9.116, 0.014, 0.000, 0.000, 0.000, 0.000, 0.000, 0.000, 129.682, 0.000, 0.000, 0.000, 0.000, 0.000, 107.995, 0.000, 0.000, 0.000, 0.000, 0.000, 247.093, 0.000, 0.000, 0.000, 0.000, 0.000, 47.362, 0.000, 0.000, 0.000, 0.000, 30.553, 0.025
8.931, 0.014, 0.000, 0.000, 0.000, 0.000, 0.000, 0.000, 130.884, 0.000, 0.000, 0.000, 0.000, 0.000, 107.981, 0.000, 0.000, 0.000, 0.000, 0.000, 245.826, 0.000, 0.000, 0.000, 0.000, 0.000, 46.307, 0.000, 0.000, 0.000, 0.000, 30.650, 0.040
8.925, 0.015, 0.000, 0.000, 0.000, 0.000, 0.000, 0.000, 129.579, 0.000, 0.000, 0.000, 0.000, 0.000, 107.560, 0.000, 0.000, 0.000, 0.000, 0.000, 249.375, 0.000, 0.000, 0.000, 0.000, 0.000, 46.954, 0.000, 0.000, 0.000, 0.000, 30.348, 0.024
8.910, 0.013, 0.000, 0.000, 0.000, 0.000, 0.000, 0.000, 128.885, 0.000, 0.000, 0.000, 0.000, 0.000, 107.076, 0.000, 0.000, 0.000, 0.000, 0.000, 248.045, 0.000, 0.000, 0.000, 0.000, 0.000, 48.195, 0.000, 0.000, 0.000, 0.000, 30.436, 0.011
8.790, 0.013, 0.000, 0.000, 0.000, 0.000, 0.000, 0.000, 128.954, 0.000, 0.000, 0.000, 0.000, 0.000, 106.375, 0.000, 0.000, 0.000, 0.000, 0.000, 246.287, 0.000, 0.000, 0.000, 0.000, 0.000, 46.905, 0.000, 0.000, 0.000, 0.000, 30.241, 0.011
Running benchmark for /home/pei/Project/benchmarks/imdb_job-postgres/queries/29a.sql...
9.808, 0.000, 0.000, 0.000, 0.000, 0.053, 0.107, 0.000, 149.175, 0.031, 0.052, 0.694, 0.021, 0.221, 0.671, 0.015, 0.030, 0.550, 0.027, 0.112, 0.586, 0.015, 0.031, 0.080, 0.016, 0.164, 0.775, 0.015, 0.028, 1.157, 0.016, 0.158, 774.143, 0.037, 0.043, 0.790, 0.034, 0.130, 15.674, 0.029, 0.027, 0.513, 0.034, 0.126, 0.785, 0.028, 0.022, 0.381, 0.034, 0.093, 0.771, 0.028, 0.021, 0.090, 0.033, 0.220, 98.604, 0.038, 0.037, 0.424, 0.021, 0.142, 15.014, 0.028, 0.017, 0.009, 0.000, 0.979, 0.008
9.388, 0.015, 0.000, 0.000, 0.000, 0.000, 0.000, 0.000, 82.548, 0.000, 0.000, 0.000, 0.000, 0.000, 0.968, 0.000, 0.000, 0.000, 0.000, 0.000, 0.692, 0.000, 0.000, 0.000, 0.000, 0.000, 0.910, 0.000, 0.000, 0.000, 0.000, 0.000, 771.183, 0.000, 0.000, 0.000, 0.000, 0.000, 16.051, 0.000, 0.000, 0.000, 0.000, 0.000, 0.908, 0.000, 0.000, 0.000, 0.000, 0.000, 0.800, 0.000, 0.000, 0.000, 0.000, 0.000, 45.525, 0.000, 0.000, 0.000, 0.000, 0.000, 15.311, 0.000, 0.000, 0.000, 0.000, 0.966, 0.026
9.418, 0.014, 0.000, 0.000, 0.000, 0.000, 0.000, 0.000, 85.025, 0.000, 0.000, 0.000, 0.000, 0.000, 0.906, 0.000, 0.000, 0.000, 0.000, 0.000, 0.726, 0.000, 0.000, 0.000, 0.000, 0.000, 0.886, 0.000, 0.000, 0.000, 0.000, 0.000, 772.617, 0.000, 0.000, 0.000, 0.000, 0.000, 15.878, 0.000, 0.000, 0.000, 0.000, 0.000, 0.912, 0.000, 0.000, 0.000, 0.000, 0.000, 0.794, 0.000, 0.000, 0.000, 0.000, 0.000, 44.618, 0.000, 0.000, 0.000, 0.000, 0.000, 15.303, 0.000, 0.000, 0.000, 0.000, 0.941, 0.026
9.918, 0.013, 0.000, 0.000, 0.000, 0.000, 0.000, 0.000, 95.028, 0.000, 0.000, 0.000, 0.000, 0.000, 0.988, 0.000, 0.000, 0.000, 0.000, 0.000, 0.723, 0.000, 0.000, 0.000, 0.000, 0.000, 0.880, 0.000, 0.000, 0.000, 0.000, 0.000, 775.187, 0.000, 0.000, 0.000, 0.000, 0.000, 14.864, 0.000, 0.000, 0.000, 0.000, 0.000, 0.903, 0.000, 0.000, 0.000, 0.000, 0.000, 0.840, 0.000, 0.000, 0.000, 0.000, 0.000, 45.180, 0.000, 0.000, 0.000, 0.000, 0.000, 15.475, 0.000, 0.000, 0.000, 0.000, 0.908, 0.026
9.513, 0.013, 0.000, 0.000, 0.000, 0.000, 0.000, 0.000, 78.002, 0.000, 0.000, 0.000, 0.000, 0.000, 0.946, 0.000, 0.000, 0.000, 0.000, 0.000, 0.718, 0.000, 0.000, 0.000, 0.000, 0.000, 0.884, 0.000, 0.000, 0.000, 0.000, 0.000, 773.632, 0.000, 0.000, 0.000, 0.000, 0.000, 15.835, 0.000, 0.000, 0.000, 0.000, 0.000, 0.934, 0.000, 0.000, 0.000, 0.000, 0.000, 0.817, 0.000, 0.000, 0.000, 0.000, 0.000, 45.184, 0.000, 0.000, 0.000, 0.000, 0.000, 14.802, 0.000, 0.000, 0.000, 0.000, 0.900, 0.014
9.592, 0.014, 0.000, 0.000, 0.000, 0.000, 0.000, 0.000, 80.351, 0.000, 0.000, 0.000, 0.000, 0.000, 0.906, 0.000, 0.000, 0.000, 0.000, 0.000, 0.712, 0.000, 0.000, 0.000, 0.000, 0.000, 0.866, 0.000, 0.000, 0.000, 0.000, 0.000, 775.305, 0.000, 0.000, 0.000, 0.000, 0.000, 14.926, 0.000, 0.000, 0.000, 0.000, 0.000, 0.915, 0.000, 0.000, 0.000, 0.000, 0.000, 0.824, 0.000, 0.000, 0.000, 0.000, 0.000, 45.151, 0.000, 0.000, 0.000, 0.000, 0.000, 15.280, 0.000, 0.000, 0.000, 0.000, 0.926, 0.015
9.345, 0.014, 0.000, 0.000, 0.000, 0.000, 0.000, 0.000, 84.049, 0.000, 0.000, 0.000, 0.000, 0.000, 0.971, 0.000, 0.000, 0.000, 0.000, 0.000, 0.701, 0.000, 0.000, 0.000, 0.000, 0.000, 0.869, 0.000, 0.000, 0.000, 0.000, 0.000, 771.952, 0.000, 0.000, 0.000, 0.000, 0.000, 14.939, 0.000, 0.000, 0.000, 0.000, 0.000, 0.910, 0.000, 0.000, 0.000, 0.000, 0.000, 0.748, 0.000, 0.000, 0.000, 0.000, 0.000, 45.723, 0.000, 0.000, 0.000, 0.000, 0.000, 15.358, 0.000, 0.000, 0.000, 0.000, 0.935, 0.025
9.268, 0.013, 0.000, 0.000, 0.000, 0.000, 0.000, 0.000, 84.663, 0.000, 0.000, 0.000, 0.000, 0.000, 0.846, 0.000, 0.000, 0.000, 0.000, 0.000, 0.711, 0.000, 0.000, 0.000, 0.000, 0.000, 0.855, 0.000, 0.000, 0.000, 0.000, 0.000, 771.586, 0.000, 0.000, 0.000, 0.000, 0.000, 15.862, 0.000, 0.000, 0.000, 0.000, 0.000, 0.896, 0.000, 0.000, 0.000, 0.000, 0.000, 0.798, 0.000, 0.000, 0.000, 0.000, 0.000, 45.079, 0.000, 0.000, 0.000, 0.000, 0.000, 15.218, 0.000, 0.000, 0.000, 0.000, 0.955, 0.027
Running benchmark for /home/pei/Project/benchmarks/imdb_job-postgres/queries/29b.sql...
19.651, 0.000, 0.000, 0.000, 0.000, 0.010, 0.019, 0.000, 79.388, 0.035, 0.068, 0.883, 0.026, 0.155, 0.833, 0.012, 0.044, 0.692, 0.040, 0.107, 0.724, 0.016, 0.026, 0.079, 0.016, 0.145, 0.987, 0.015, 0.026, 1.176, 0.016, 0.159, 747.866, 0.032, 0.043, 0.859, 0.019, 0.150, 15.112, 0.016, 0.027, 0.583, 0.034, 0.124, 0.670, 0.028, 0.022, 0.380, 0.034, 0.095, 0.638, 0.015, 0.020, 0.089, 0.033, 0.220, 3.440, 0.028, 0.020, 0.320, 0.034, 0.103, 1.074, 0.028, 0.012, 0.007, 0.000, 0.467, 0.008
19.832, 0.015, 0.000, 0.000, 0.000, 0.000, 0.000, 0.000, 76.920, 0.000, 0.000, 0.000, 0.000, 0.000, 0.842, 0.000, 0.000, 0.000, 0.000, 0.000, 0.718, 0.000, 0.000, 0.000, 0.000, 0.000, 0.918, 0.000, 0.000, 0.000, 0.000, 0.000, 736.025, 0.000, 0.000, 0.000, 0.000, 0.000, 15.608, 0.000, 0.000, 0.000, 0.000, 0.000, 0.806, 0.000, 0.000, 0.000, 0.000, 0.000, 0.755, 0.000, 0.000, 0.000, 0.000, 0.000, 3.604, 0.000, 0.000, 0.000, 0.000, 0.000, 1.219, 0.000, 0.000, 0.000, 0.000, 0.393, 0.024
19.719, 0.014, 0.000, 0.000, 0.000, 0.000, 0.000, 0.000, 78.029, 0.000, 0.000, 0.000, 0.000, 0.000, 0.936, 0.000, 0.000, 0.000, 0.000, 0.000, 0.765, 0.000, 0.000, 0.000, 0.000, 0.000, 0.891, 0.000, 0.000, 0.000, 0.000, 0.000, 743.645, 0.000, 0.000, 0.000, 0.000, 0.000, 15.705, 0.000, 0.000, 0.000, 0.000, 0.000, 0.864, 0.000, 0.000, 0.000, 0.000, 0.000, 0.781, 0.000, 0.000, 0.000, 0.000, 0.000, 3.719, 0.000, 0.000, 0.000, 0.000, 0.000, 1.130, 0.000, 0.000, 0.000, 0.000, 0.472, 0.023
20.178, 0.015, 0.000, 0.000, 0.000, 0.000, 0.000, 0.000, 75.760, 0.000, 0.000, 0.000, 0.000, 0.000, 1.006, 0.000, 0.000, 0.000, 0.000, 0.000, 0.895, 0.000, 0.000, 0.000, 0.000, 0.000, 1.130, 0.000, 0.000, 0.000, 0.000, 0.000, 745.603, 0.000, 0.000, 0.000, 0.000, 0.000, 15.039, 0.000, 0.000, 0.000, 0.000, 0.000, 0.828, 0.000, 0.000, 0.000, 0.000, 0.000, 0.806, 0.000, 0.000, 0.000, 0.000, 0.000, 3.550, 0.000, 0.000, 0.000, 0.000, 0.000, 1.162, 0.000, 0.000, 0.000, 0.000, 0.386, 0.026
19.596, 0.014, 0.000, 0.000, 0.000, 0.000, 0.000, 0.000, 75.204, 0.000, 0.000, 0.000, 0.000, 0.000, 0.853, 0.000, 0.000, 0.000, 0.000, 0.000, 0.803, 0.000, 0.000, 0.000, 0.000, 0.000, 0.848, 0.000, 0.000, 0.000, 0.000, 0.000, 923.398, 0.000, 0.000, 0.000, 0.000, 0.000, 15.920, 0.000, 0.000, 0.000, 0.000, 0.000, 0.874, 0.000, 0.000, 0.000, 0.000, 0.000, 0.778, 0.000, 0.000, 0.000, 0.000, 0.000, 3.688, 0.000, 0.000, 0.000, 0.000, 0.000, 1.171, 0.000, 0.000, 0.000, 0.000, 0.398, 0.027
19.694, 0.014, 0.000, 0.000, 0.000, 0.000, 0.000, 0.000, 68.430, 0.000, 0.000, 0.000, 0.000, 0.000, 0.857, 0.000, 0.000, 0.000, 0.000, 0.000, 0.684, 0.000, 0.000, 0.000, 0.000, 0.000, 0.934, 0.000, 0.000, 0.000, 0.000, 0.000, 738.231, 0.000, 0.000, 0.000, 0.000, 0.000, 14.878, 0.000, 0.000, 0.000, 0.000, 0.000, 0.865, 0.000, 0.000, 0.000, 0.000, 0.000, 0.719, 0.000, 0.000, 0.000, 0.000, 0.000, 3.550, 0.000, 0.000, 0.000, 0.000, 0.000, 1.111, 0.000, 0.000, 0.000, 0.000, 0.404, 0.027
19.848, 0.014, 0.000, 0.000, 0.000, 0.000, 0.000, 0.000, 87.078, 0.000, 0.000, 0.000, 0.000, 0.000, 0.894, 0.000, 0.000, 0.000, 0.000, 0.000, 0.715, 0.000, 0.000, 0.000, 0.000, 0.000, 0.864, 0.000, 0.000, 0.000, 0.000, 0.000, 735.543, 0.000, 0.000, 0.000, 0.000, 0.000, 14.896, 0.000, 0.000, 0.000, 0.000, 0.000, 0.834, 0.000, 0.000, 0.000, 0.000, 0.000, 0.714, 0.000, 0.000, 0.000, 0.000, 0.000, 3.533, 0.000, 0.000, 0.000, 0.000, 0.000, 1.237, 0.000, 0.000, 0.000, 0.000, 0.403, 0.014
19.444, 0.014, 0.000, 0.000, 0.000, 0.000, 0.000, 0.000, 66.820, 0.000, 0.000, 0.000, 0.000, 0.000, 0.925, 0.000, 0.000, 0.000, 0.000, 0.000, 0.665, 0.000, 0.000, 0.000, 0.000, 0.000, 0.876, 0.000, 0.000, 0.000, 0.000, 0.000, 740.992, 0.000, 0.000, 0.000, 0.000, 0.000, 14.941, 0.000, 0.000, 0.000, 0.000, 0.000, 0.787, 0.000, 0.000, 0.000, 0.000, 0.000, 0.785, 0.000, 0.000, 0.000, 0.000, 0.000, 3.671, 0.000, 0.000, 0.000, 0.000, 0.000, 1.139, 0.000, 0.000, 0.000, 0.000, 0.378, 0.026
Running benchmark for /home/pei/Project/benchmarks/imdb_job-postgres/queries/29c.sql...
19.231, 0.000, 0.000, 0.000, 0.000, 0.007, 0.016, 0.000, 37.914, 0.035, 0.055, 0.736, 0.020, 0.196, 14.186, 0.024, 0.044, 0.688, 0.030, 0.210, 1.204, 0.015, 0.033, 0.342, 0.019, 0.122, 0.633, 0.016, 0.025, 0.274, 0.018, 0.106, 0.546, 0.015, 0.023, 1.151, 0.014, 0.113, 463.382, 0.037, 0.043, 0.527, 0.016, 0.218, 688.629, 0.035, 0.040, 0.581, 0.020, 0.131, 16.189, 0.029, 0.025, 0.400, 0.034, 0.116, 1.391, 0.028, 0.023, 0.093, 0.033, 0.227, 212.714, 0.035, 0.039, 0.582, 0.035, 0.131, 7.166, 0.028, 0.015, 0.008, 0.000, 4.630, 0.023
19.460, 0.015, 0.000, 0.000, 0.000, 0.000, 0.000, 0.000, 9.056, 0.000, 0.000, 0.000, 0.000, 0.000, 7.251, 0.000, 0.000, 0.000, 0.000, 0.000, 1.488, 0.000, 0.000, 0.000, 0.000, 0.000, 0.809, 0.000, 0.000, 0.000, 0.000, 0.000, 0.655, 0.000, 0.000, 0.000, 0.000, 0.000, 374.466, 0.000, 0.000, 0.000, 0.000, 0.000, 685.861, 0.000, 0.000, 0.000, 0.000, 0.000, 15.710, 0.000, 0.000, 0.000, 0.000, 0.000, 1.480, 0.000, 0.000, 0.000, 0.000, 0.000, 70.993, 0.000, 0.000, 0.000, 0.000, 0.000, 7.077, 0.000, 0.000, 0.000, 0.000, 4.572, 0.011
19.735, 0.014, 0.000, 0.000, 0.000, 0.000, 0.000, 0.000, 7.423, 0.000, 0.000, 0.000, 0.000, 0.000, 7.403, 0.000, 0.000, 0.000, 0.000, 0.000, 1.479, 0.000, 0.000, 0.000, 0.000, 0.000, 0.743, 0.000, 0.000, 0.000, 0.000, 0.000, 0.640, 0.000, 0.000, 0.000, 0.000, 0.000, 373.083, 0.000, 0.000, 0.000, 0.000, 0.000, 677.984, 0.000, 0.000, 0.000, 0.000, 0.000, 15.635, 0.000, 0.000, 0.000, 0.000, 0.000, 1.408, 0.000, 0.000, 0.000, 0.000, 0.000, 70.852, 0.000, 0.000, 0.000, 0.000, 0.000, 7.088, 0.000, 0.000, 0.000, 0.000, 4.598, 0.014
20.014, 0.014, 0.000, 0.000, 0.000, 0.000, 0.000, 0.000, 8.868, 0.000, 0.000, 0.000, 0.000, 0.000, 7.323, 0.000, 0.000, 0.000, 0.000, 0.000, 1.412, 0.000, 0.000, 0.000, 0.000, 0.000, 0.780, 0.000, 0.000, 0.000, 0.000, 0.000, 0.679, 0.000, 0.000, 0.000, 0.000, 0.000, 382.771, 0.000, 0.000, 0.000, 0.000, 0.000, 684.058, 0.000, 0.000, 0.000, 0.000, 0.000, 16.565, 0.000, 0.000, 0.000, 0.000, 0.000, 1.471, 0.000, 0.000, 0.000, 0.000, 0.000, 72.656, 0.000, 0.000, 0.000, 0.000, 0.000, 7.337, 0.000, 0.000, 0.000, 0.000, 4.678, 0.026
19.861, 0.014, 0.000, 0.000, 0.000, 0.000, 0.000, 0.000, 7.462, 0.000, 0.000, 0.000, 0.000, 0.000, 7.276, 0.000, 0.000, 0.000, 0.000, 0.000, 1.492, 0.000, 0.000, 0.000, 0.000, 0.000, 0.745, 0.000, 0.000, 0.000, 0.000, 0.000, 0.670, 0.000, 0.000, 0.000, 0.000, 0.000, 372.774, 0.000, 0.000, 0.000, 0.000, 0.000, 686.470, 0.000, 0.000, 0.000, 0.000, 0.000, 15.635, 0.000, 0.000, 0.000, 0.000, 0.000, 1.437, 0.000, 0.000, 0.000, 0.000, 0.000, 70.529, 0.000, 0.000, 0.000, 0.000, 0.000, 7.147, 0.000, 0.000, 0.000, 0.000, 4.621, 0.027
19.498, 0.014, 0.000, 0.000, 0.000, 0.000, 0.000, 0.000, 7.249, 0.000, 0.000, 0.000, 0.000, 0.000, 7.266, 0.000, 0.000, 0.000, 0.000, 0.000, 1.480, 0.000, 0.000, 0.000, 0.000, 0.000, 0.758, 0.000, 0.000, 0.000, 0.000, 0.000, 0.644, 0.000, 0.000, 0.000, 0.000, 0.000, 373.888, 0.000, 0.000, 0.000, 0.000, 0.000, 688.885, 0.000, 0.000, 0.000, 0.000, 0.000, 15.976, 0.000, 0.000, 0.000, 0.000, 0.000, 1.431, 0.000, 0.000, 0.000, 0.000, 0.000, 72.414, 0.000, 0.000, 0.000, 0.000, 0.000, 7.107, 0.000, 0.000, 0.000, 0.000, 4.577, 0.012
19.423, 0.014, 0.000, 0.000, 0.000, 0.000, 0.000, 0.000, 7.409, 0.000, 0.000, 0.000, 0.000, 0.000, 7.445, 0.000, 0.000, 0.000, 0.000, 0.000, 1.448, 0.000, 0.000, 0.000, 0.000, 0.000, 0.745, 0.000, 0.000, 0.000, 0.000, 0.000, 0.652, 0.000, 0.000, 0.000, 0.000, 0.000, 370.079, 0.000, 0.000, 0.000, 0.000, 0.000, 677.587, 0.000, 0.000, 0.000, 0.000, 0.000, 15.530, 0.000, 0.000, 0.000, 0.000, 0.000, 1.466, 0.000, 0.000, 0.000, 0.000, 0.000, 71.017, 0.000, 0.000, 0.000, 0.000, 0.000, 7.154, 0.000, 0.000, 0.000, 0.000, 4.596, 0.011
19.260, 0.014, 0.000, 0.000, 0.000, 0.000, 0.000, 0.000, 7.226, 0.000, 0.000, 0.000, 0.000, 0.000, 7.397, 0.000, 0.000, 0.000, 0.000, 0.000, 1.528, 0.000, 0.000, 0.000, 0.000, 0.000, 0.776, 0.000, 0.000, 0.000, 0.000, 0.000, 0.685, 0.000, 0.000, 0.000, 0.000, 0.000, 369.728, 0.000, 0.000, 0.000, 0.000, 0.000, 680.344, 0.000, 0.000, 0.000, 0.000, 0.000, 15.629, 0.000, 0.000, 0.000, 0.000, 0.000, 1.457, 0.000, 0.000, 0.000, 0.000, 0.000, 71.602, 0.000, 0.000, 0.000, 0.000, 0.000, 7.173, 0.000, 0.000, 0.000, 0.000, 4.622, 0.026
Running benchmark for /home/pei/Project/benchmarks/imdb_job-postgres/queries/2a.sql...
18.498, 0.000, 0.000, 0.000, 0.000, 0.004, 0.014, 0.000, 98.191, 0.032, 0.024, 0.008, 0.000, 172.138, 0.012
18.409, 0.013, 0.000, 0.000, 0.000, 0.000, 0.000, 0.000, 94.246, 0.000, 0.000, 0.000, 0.000, 172.058, 0.011
18.324, 0.014, 0.000, 0.000, 0.000, 0.000, 0.000, 0.000, 97.584, 0.000, 0.000, 0.000, 0.000, 171.386, 0.014
18.964, 0.013, 0.000, 0.000, 0.000, 0.000, 0.000, 0.000, 98.410, 0.000, 0.000, 0.000, 0.000, 174.558, 0.018
18.327, 0.019, 0.000, 0.000, 0.000, 0.000, 0.000, 0.000, 100.289, 0.000, 0.000, 0.000, 0.000, 169.042, 0.011
18.501, 0.013, 0.000, 0.000, 0.000, 0.000, 0.000, 0.000, 98.124, 0.000, 0.000, 0.000, 0.000, 189.520, 0.012
18.459, 0.013, 0.000, 0.000, 0.000, 0.000, 0.000, 0.000, 99.944, 0.000, 0.000, 0.000, 0.000, 171.226, 0.012
18.291, 0.013, 0.000, 0.000, 0.000, 0.000, 0.000, 0.000, 92.638, 0.000, 0.000, 0.000, 0.000, 169.977, 0.012
Running benchmark for /home/pei/Project/benchmarks/imdb_job-postgres/queries/2b.sql...
1.132, 0.000, 0.000, 0.000, 0.000, 0.005, 0.015, 0.000, 78.561, 0.036, 0.026, 1.236, 0.020, 0.189, 544.467, 0.039, 0.023, 0.332, 0.024, 0.146, 27.071, 0.027, 0.016, 0.006, 0.000, 7.528, 0.008
1.115, 0.013, 0.000, 0.000, 0.000, 0.000, 0.000, 0.000, 88.209, 0.000, 0.000, 0.000, 0.000, 0.000, 537.629, 0.000, 0.000, 0.000, 0.000, 0.000, 26.583, 0.000, 0.000, 0.000, 0.000, 7.436, 0.010
1.107, 0.012, 0.000, 0.000, 0.000, 0.000, 0.000, 0.000, 84.141, 0.000, 0.000, 0.000, 0.000, 0.000, 532.163, 0.000, 0.000, 0.000, 0.000, 0.000, 26.548, 0.000, 0.000, 0.000, 0.000, 7.452, 0.014
1.140, 0.011, 0.000, 0.000, 0.000, 0.000, 0.000, 0.000, 81.409, 0.000, 0.000, 0.000, 0.000, 0.000, 532.203, 0.000, 0.000, 0.000, 0.000, 0.000, 26.798, 0.000, 0.000, 0.000, 0.000, 8.134, 0.011
1.159, 0.012, 0.000, 0.000, 0.000, 0.000, 0.000, 0.000, 84.398, 0.000, 0.000, 0.000, 0.000, 0.000, 538.141, 0.000, 0.000, 0.000, 0.000, 0.000, 26.627, 0.000, 0.000, 0.000, 0.000, 7.467, 0.011
1.138, 0.012, 0.000, 0.000, 0.000, 0.000, 0.000, 0.000, 77.949, 0.000, 0.000, 0.000, 0.000, 0.000, 537.875, 0.000, 0.000, 0.000, 0.000, 0.000, 26.673, 0.000, 0.000, 0.000, 0.000, 7.469, 0.011
1.177, 0.012, 0.000, 0.000, 0.000, 0.000, 0.000, 0.000, 79.903, 0.000, 0.000, 0.000, 0.000, 0.000, 557.561, 0.000, 0.000, 0.000, 0.000, 0.000, 27.376, 0.000, 0.000, 0.000, 0.000, 7.514, 0.011
1.170, 0.012, 0.000, 0.000, 0.000, 0.000, 0.000, 0.000, 83.890, 0.000, 0.000, 0.000, 0.000, 0.000, 540.103, 0.000, 0.000, 0.000, 0.000, 0.000, 27.480, 0.000, 0.000, 0.000, 0.000, 7.585, 0.012
Running benchmark for /home/pei/Project/benchmarks/imdb_job-postgres/queries/2c.sql...
4.340, 0.000, 0.000, 0.000, 0.000, 0.005, 0.014, 0.000, 19.156, 0.043, 0.024, 0.719, 0.035, 0.159, 0.662, 0.028, 0.013, 0.007, 0.000, 0.371, 0.020
4.357, 0.014, 0.000, 0.000, 0.000, 0.000, 0.000, 0.000, 14.452, 0.000, 0.000, 0.000, 0.000, 0.000, 0.823, 0.000, 0.000, 0.000, 0.000, 0.333, 0.025
4.275, 0.013, 0.000, 0.000, 0.000, 0.000, 0.000, 0.000, 14.551, 0.000, 0.000, 0.000, 0.000, 0.000, 0.825, 0.000, 0.000, 0.000, 0.000, 0.341, 0.023
4.203, 0.014, 0.000, 0.000, 0.000, 0.000, 0.000, 0.000, 14.538, 0.000, 0.000, 0.000, 0.000, 0.000, 0.818, 0.000, 0.000, 0.000, 0.000, 0.287, 0.023
4.299, 0.013, 0.000, 0.000, 0.000, 0.000, 0.000, 0.000, 14.405, 0.000, 0.000, 0.000, 0.000, 0.000, 0.857, 0.000, 0.000, 0.000, 0.000, 0.345, 0.026
4.353, 0.013, 0.000, 0.000, 0.000, 0.000, 0.000, 0.000, 14.488, 0.000, 0.000, 0.000, 0.000, 0.000, 0.858, 0.000, 0.000, 0.000, 0.000, 0.342, 0.025
4.320, 0.013, 0.000, 0.000, 0.000, 0.000, 0.000, 0.000, 14.455, 0.000, 0.000, 0.000, 0.000, 0.000, 0.859, 0.000, 0.000, 0.000, 0.000, 0.310, 0.013
4.267, 0.014, 0.000, 0.000, 0.000, 0.000, 0.000, 0.000, 14.410, 0.000, 0.000, 0.000, 0.000, 0.000, 0.773, 0.000, 0.000, 0.000, 0.000, 0.348, 0.025
Running benchmark for /home/pei/Project/benchmarks/imdb_job-postgres/queries/2d.sql...
3.400, 0.000, 0.000, 0.000, 0.000, 0.007, 0.021, 0.000, 372.136, 0.035, 0.025, 0.339, 0.017, 0.202, 27.447, 0.029, 0.019, 0.564, 0.036, 0.097, 104.062, 0.026, 0.016, 0.006, 0.000, 47.551, 0.025
3.476, 0.014, 0.000, 0.000, 0.000, 0.000, 0.000, 0.000, 369.391, 0.000, 0.000, 0.000, 0.000, 0.000, 27.561, 0.000, 0.000, 0.000, 0.000, 0.000, 106.161, 0.000, 0.000, 0.000, 0.000, 48.726, 0.026
3.461, 0.013, 0.000, 0.000, 0.000, 0.000, 0.000, 0.000, 375.609, 0.000, 0.000, 0.000, 0.000, 0.000, 27.124, 0.000, 0.000, 0.000, 0.000, 0.000, 100.272, 0.000, 0.000, 0.000, 0.000, 47.970, 0.026
3.331, 0.014, 0.000, 0.000, 0.000, 0.000, 0.000, 0.000, 375.010, 0.000, 0.000, 0.000, 0.000, 0.000, 26.876, 0.000, 0.000, 0.000, 0.000, 0.000, 106.924, 0.000, 0.000, 0.000, 0.000, 48.831, 0.026
3.381, 0.013, 0.000, 0.000, 0.000, 0.000, 0.000, 0.000, 372.304, 0.000, 0.000, 0.000, 0.000, 0.000, 26.754, 0.000, 0.000, 0.000, 0.000, 0.000, 99.710, 0.000, 0.000, 0.000, 0.000, 48.084, 0.011
3.416, 0.013, 0.000, 0.000, 0.000, 0.000, 0.000, 0.000, 367.465, 0.000, 0.000, 0.000, 0.000, 0.000, 27.040, 0.000, 0.000, 0.000, 0.000, 0.000, 103.089, 0.000, 0.000, 0.000, 0.000, 47.837, 0.011
3.318, 0.012, 0.000, 0.000, 0.000, 0.000, 0.000, 0.000, 371.148, 0.000, 0.000, 0.000, 0.000, 0.000, 26.903, 0.000, 0.000, 0.000, 0.000, 0.000, 100.387, 0.000, 0.000, 0.000, 0.000, 47.795, 0.024
3.273, 0.013, 0.000, 0.000, 0.000, 0.000, 0.000, 0.000, 373.544, 0.000, 0.000, 0.000, 0.000, 0.000, 26.981, 0.000, 0.000, 0.000, 0.000, 0.000, 98.783, 0.000, 0.000, 0.000, 0.000, 47.791, 0.011
Running benchmark for /home/pei/Project/benchmarks/imdb_job-postgres/queries/30a.sql...
3.518, 0.000, 0.000, 0.000, 0.000, 0.007, 0.017, 0.000, 115.136, 0.035, 0.048, 1.171, 0.021, 0.200, 118.921, 0.035, 0.046, 0.862, 0.042, 0.126, 36.388, 0.030, 0.033, 0.454, 0.017, 0.155, 28.500, 0.030, 0.026, 0.417, 0.034, 0.114, 207.550, 0.037, 0.039, 0.104, 0.020, 0.397, 260.106, 0.039, 0.043, 0.012, 0.000, 95.797, 0.012
3.576, 0.014, 0.000, 0.000, 0.000, 0.000, 0.000, 0.000, 122.116, 0.000, 0.000, 0.000, 0.000, 0.000, 114.283, 0.000, 0.000, 0.000, 0.000, 0.000, 36.299, 0.000, 0.000, 0.000, 0.000, 0.000, 28.456, 0.000, 0.000, 0.000, 0.000, 0.000, 201.495, 0.000, 0.000, 0.000, 0.000, 0.000, 225.888, 0.000, 0.000, 0.000, 0.000, 95.492, 0.012
3.545, 0.014, 0.000, 0.000, 0.000, 0.000, 0.000, 0.000, 117.285, 0.000, 0.000, 0.000, 0.000, 0.000, 114.707, 0.000, 0.000, 0.000, 0.000, 0.000, 35.887, 0.000, 0.000, 0.000, 0.000, 0.000, 28.637, 0.000, 0.000, 0.000, 0.000, 0.000, 204.058, 0.000, 0.000, 0.000, 0.000, 0.000, 200.603, 0.000, 0.000, 0.000, 0.000, 96.728, 0.012
3.704, 0.014, 0.000, 0.000, 0.000, 0.000, 0.000, 0.000, 115.310, 0.000, 0.000, 0.000, 0.000, 0.000, 119.185, 0.000, 0.000, 0.000, 0.000, 0.000, 36.100, 0.000, 0.000, 0.000, 0.000, 0.000, 29.006, 0.000, 0.000, 0.000, 0.000, 0.000, 201.810, 0.000, 0.000, 0.000, 0.000, 0.000, 217.796, 0.000, 0.000, 0.000, 0.000, 98.077, 0.012
3.577, 0.013, 0.000, 0.000, 0.000, 0.000, 0.000, 0.000, 113.800, 0.000, 0.000, 0.000, 0.000, 0.000, 116.258, 0.000, 0.000, 0.000, 0.000, 0.000, 36.080, 0.000, 0.000, 0.000, 0.000, 0.000, 28.598, 0.000, 0.000, 0.000, 0.000, 0.000, 205.095, 0.000, 0.000, 0.000, 0.000, 0.000, 197.655, 0.000, 0.000, 0.000, 0.000, 97.984, 0.011
3.519, 0.014, 0.000, 0.000, 0.000, 0.000, 0.000, 0.000, 113.715, 0.000, 0.000, 0.000, 0.000, 0.000, 115.088, 0.000, 0.000, 0.000, 0.000, 0.000, 36.921, 0.000, 0.000, 0.000, 0.000, 0.000, 28.520, 0.000, 0.000, 0.000, 0.000, 0.000, 199.308, 0.000, 0.000, 0.000, 0.000, 0.000, 217.438, 0.000, 0.000, 0.000, 0.000, 95.600, 0.012
3.645, 0.013, 0.000, 0.000, 0.000, 0.000, 0.000, 0.000, 113.087, 0.000, 0.000, 0.000, 0.000, 0.000, 116.839, 0.000, 0.000, 0.000, 0.000, 0.000, 35.927, 0.000, 0.000, 0.000, 0.000, 0.000, 28.399, 0.000, 0.000, 0.000, 0.000, 0.000, 215.751, 0.000, 0.000, 0.000, 0.000, 0.000, 200.887, 0.000, 0.000, 0.000, 0.000, 96.021, 0.011
3.571, 0.014, 0.000, 0.000, 0.000, 0.000, 0.000, 0.000, 115.845, 0.000, 0.000, 0.000, 0.000, 0.000, 119.028, 0.000, 0.000, 0.000, 0.000, 0.000, 36.082, 0.000, 0.000, 0.000, 0.000, 0.000, 28.836, 0.000, 0.000, 0.000, 0.000, 0.000, 204.927, 0.000, 0.000, 0.000, 0.000, 0.000, 198.372, 0.000, 0.000, 0.000, 0.000, 96.719, 0.025
Running benchmark for /home/pei/Project/benchmarks/imdb_job-postgres/queries/30b.sql...
13.028, 0.000, 0.000, 0.000, 0.000, 0.007, 0.017, 0.000, 115.894, 0.032, 0.048, 1.181, 0.021, 0.205, 117.052, 0.038, 0.048, 0.884, 0.031, 0.144, 36.545, 0.031, 0.032, 0.416, 0.019, 0.141, 28.662, 0.030, 0.027, 0.466, 0.035, 0.165, 123.688, 0.062, 0.039, 0.098, 0.018, 0.184, 1.018, 0.016, 0.023, 0.057, 0.018, 0.203, 1.941, 0.016, 0.018, 0.010, 0.000, 0.583, 0.008
13.241, 0.015, 0.000, 0.000, 0.000, 0.000, 0.000, 0.000, 116.933, 0.000, 0.000, 0.000, 0.000, 0.000, 114.891, 0.000, 0.000, 0.000, 0.000, 0.000, 36.359, 0.000, 0.000, 0.000, 0.000, 0.000, 28.415, 0.000, 0.000, 0.000, 0.000, 0.000, 134.235, 0.000, 0.000, 0.000, 0.000, 0.000, 1.667, 0.000, 0.000, 0.000, 0.000, 0.000, 2.766, 0.000, 0.000, 0.000, 0.000, 0.565, 0.012
12.941, 0.014, 0.000, 0.000, 0.000, 0.000, 0.000, 0.000, 113.018, 0.000, 0.000, 0.000, 0.000, 0.000, 115.361, 0.000, 0.000, 0.000, 0.000, 0.000, 35.819, 0.000, 0.000, 0.000, 0.000, 0.000, 28.568, 0.000, 0.000, 0.000, 0.000, 0.000, 126.034, 0.000, 0.000, 0.000, 0.000, 0.000, 1.327, 0.000, 0.000, 0.000, 0.000, 0.000, 2.219, 0.000, 0.000, 0.000, 0.000, 0.545, 0.012
13.228, 0.014, 0.000, 0.000, 0.000, 0.000, 0.000, 0.000, 120.675, 0.000, 0.000, 0.000, 0.000, 0.000, 116.858, 0.000, 0.000, 0.000, 0.000, 0.000, 36.750, 0.000, 0.000, 0.000, 0.000, 0.000, 28.788, 0.000, 0.000, 0.000, 0.000, 0.000, 123.620, 0.000, 0.000, 0.000, 0.000, 0.000, 1.355, 0.000, 0.000, 0.000, 0.000, 0.000, 2.117, 0.000, 0.000, 0.000, 0.000, 0.555, 0.011
13.147, 0.015, 0.000, 0.000, 0.000, 0.000, 0.000, 0.000, 111.745, 0.000, 0.000, 0.000, 0.000, 0.000, 116.566, 0.000, 0.000, 0.000, 0.000, 0.000, 36.051, 0.000, 0.000, 0.000, 0.000, 0.000, 28.510, 0.000, 0.000, 0.000, 0.000, 0.000, 120.981, 0.000, 0.000, 0.000, 0.000, 0.000, 1.220, 0.000, 0.000, 0.000, 0.000, 0.000, 2.148, 0.000, 0.000, 0.000, 0.000, 0.555, 0.012
13.117, 0.014, 0.000, 0.000, 0.000, 0.000, 0.000, 0.000, 113.991, 0.000, 0.000, 0.000, 0.000, 0.000, 116.000, 0.000, 0.000, 0.000, 0.000, 0.000, 35.794, 0.000, 0.000, 0.000, 0.000, 0.000, 28.435, 0.000, 0.000, 0.000, 0.000, 0.000, 118.242, 0.000, 0.000, 0.000, 0.000, 0.000, 1.302, 0.000, 0.000, 0.000, 0.000, 0.000, 2.230, 0.000, 0.000, 0.000, 0.000, 0.543, 0.014
13.055, 0.015, 0.000, 0.000, 0.000, 0.000, 0.000, 0.000, 115.296, 0.000, 0.000, 0.000, 0.000, 0.000, 115.428, 0.000, 0.000, 0.000, 0.000, 0.000, 35.843, 0.000, 0.000, 0.000, 0.000, 0.000, 28.535, 0.000, 0.000, 0.000, 0.000, 0.000, 123.659, 0.000, 0.000, 0.000, 0.000, 0.000, 1.375, 0.000, 0.000, 0.000, 0.000, 0.000, 2.159, 0.000, 0.000, 0.000, 0.000, 0.542, 0.011
14.374, 0.014, 0.000, 0.000, 0.000, 0.000, 0.000, 0.000, 114.741, 0.000, 0.000, 0.000, 0.000, 0.000, 116.888, 0.000, 0.000, 0.000, 0.000, 0.000, 36.687, 0.000, 0.000, 0.000, 0.000, 0.000, 28.875, 0.000, 0.000, 0.000, 0.000, 0.000, 119.945, 0.000, 0.000, 0.000, 0.000, 0.000, 83.974, 0.000, 0.000, 0.000, 0.000, 0.000, 9.011, 0.000, 0.000, 0.000, 0.000, 2.014, 0.039
Running benchmark for /home/pei/Project/benchmarks/imdb_job-postgres/queries/30c.sql...
15.283, 0.000, 0.000, 0.000, 0.000, 0.007, 0.018, 0.000, 113.674, 0.036, 0.048, 1.170, 0.036, 0.197, 114.189, 0.036, 0.047, 0.893, 0.042, 0.129, 36.070, 0.031, 0.033, 0.465, 0.034, 0.118, 21.264, 0.029, 0.026, 0.126, 0.038, 0.537, 1299.655, 0.039, 0.043, 0.012, 0.000, 562.404, 0.027
15.367, 0.015, 0.000, 0.000, 0.000, 0.000, 0.000, 0.000, 112.643, 0.000, 0.000, 0.000, 0.000, 0.000, 111.369, 0.000, 0.000, 0.000, 0.000, 0.000, 36.356, 0.000, 0.000, 0.000, 0.000, 0.000, 21.402, 0.000, 0.000, 0.000, 0.000, 0.000, 793.131, 0.000, 0.000, 0.000, 0.000, 551.277, 0.012
15.082, 0.015, 0.000, 0.000, 0.000, 0.000, 0.000, 0.000, 112.482, 0.000, 0.000, 0.000, 0.000, 0.000, 116.411, 0.000, 0.000, 0.000, 0.000, 0.000, 35.790, 0.000, 0.000, 0.000, 0.000, 0.000, 21.568, 0.000, 0.000, 0.000, 0.000, 0.000, 781.749, 0.000, 0.000, 0.000, 0.000, 552.382, 0.025
15.306, 0.014, 0.000, 0.000, 0.000, 0.000, 0.000, 0.000, 111.761, 0.000, 0.000, 0.000, 0.000, 0.000, 113.525, 0.000, 0.000, 0.000, 0.000, 0.000, 36.206, 0.000, 0.000, 0.000, 0.000, 0.000, 21.565, 0.000, 0.000, 0.000, 0.000, 0.000, 777.111, 0.000, 0.000, 0.000, 0.000, 554.010, 0.012
15.092, 0.014, 0.000, 0.000, 0.000, 0.000, 0.000, 0.000, 113.409, 0.000, 0.000, 0.000, 0.000, 0.000, 112.368, 0.000, 0.000, 0.000, 0.000, 0.000, 35.870, 0.000, 0.000, 0.000, 0.000, 0.000, 21.505, 0.000, 0.000, 0.000, 0.000, 0.000, 782.404, 0.000, 0.000, 0.000, 0.000, 550.051, 0.027
15.073, 0.015, 0.000, 0.000, 0.000, 0.000, 0.000, 0.000, 111.906, 0.000, 0.000, 0.000, 0.000, 0.000, 111.774, 0.000, 0.000, 0.000, 0.000, 0.000, 36.387, 0.000, 0.000, 0.000, 0.000, 0.000, 21.166, 0.000, 0.000, 0.000, 0.000, 0.000, 781.221, 0.000, 0.000, 0.000, 0.000, 545.179, 0.026
15.396, 0.015, 0.000, 0.000, 0.000, 0.000, 0.000, 0.000, 111.146, 0.000, 0.000, 0.000, 0.000, 0.000, 111.455, 0.000, 0.000, 0.000, 0.000, 0.000, 36.003, 0.000, 0.000, 0.000, 0.000, 0.000, 21.244, 0.000, 0.000, 0.000, 0.000, 0.000, 777.064, 0.000, 0.000, 0.000, 0.000, 547.179, 0.026
35.796, 0.019, 0.000, 0.000, 0.000, 0.000, 0.000, 0.000, 113.955, 0.000, 0.000, 0.000, 0.000, 0.000, 117.590, 0.000, 0.000, 0.000, 0.000, 0.000, 36.533, 0.000, 0.000, 0.000, 0.000, 0.000, 21.615, 0.000, 0.000, 0.000, 0.000, 0.000, 800.827, 0.000, 0.000, 0.000, 0.000, 564.317, 0.017
Running benchmark for /home/pei/Project/benchmarks/imdb_job-postgres/queries/31a.sql...
11.686, 0.000, 0.000, 0.000, 0.000, 0.007, 0.017, 0.000, 124.681, 0.031, 0.045, 0.632, 0.018, 0.249, 159.021, 0.036, 0.043, 0.794, 0.026, 0.126, 90.806, 0.031, 0.039, 0.146, 0.023, 0.414, 176.574, 0.033, 0.055, 0.013, 0.000, 46.672, 0.011
11.447, 0.014, 0.000, 0.000, 0.000, 0.000, 0.000, 0.000, 117.160, 0.000, 0.000, 0.000, 0.000, 0.000, 158.109, 0.000, 0.000, 0.000, 0.000, 0.000, 91.433, 0.000, 0.000, 0.000, 0.000, 0.000, 93.635, 0.000, 0.000, 0.000, 0.000, 46.769, 0.012
11.743, 0.014, 0.000, 0.000, 0.000, 0.000, 0.000, 0.000, 121.533, 0.000, 0.000, 0.000, 0.000, 0.000, 159.367, 0.000, 0.000, 0.000, 0.000, 0.000, 88.354, 0.000, 0.000, 0.000, 0.000, 0.000, 94.689, 0.000, 0.000, 0.000, 0.000, 46.748, 0.012
11.762, 0.014, 0.000, 0.000, 0.000, 0.000, 0.000, 0.000, 115.697, 0.000, 0.000, 0.000, 0.000, 0.000, 160.193, 0.000, 0.000, 0.000, 0.000, 0.000, 90.174, 0.000, 0.000, 0.000, 0.000, 0.000, 94.691, 0.000, 0.000, 0.000, 0.000, 46.790, 0.015
11.523, 0.014, 0.000, 0.000, 0.000, 0.000, 0.000, 0.000, 122.506, 0.000, 0.000, 0.000, 0.000, 0.000, 161.377, 0.000, 0.000, 0.000, 0.000, 0.000, 87.704, 0.000, 0.000, 0.000, 0.000, 0.000, 93.685, 0.000, 0.000, 0.000, 0.000, 46.722, 0.011
11.663, 0.015, 0.000, 0.000, 0.000, 0.000, 0.000, 0.000, 118.658, 0.000, 0.000, 0.000, 0.000, 0.000, 159.635, 0.000, 0.000, 0.000, 0.000, 0.000, 88.605, 0.000, 0.000, 0.000, 0.000, 0.000, 94.003, 0.000, 0.000, 0.000, 0.000, 46.142, 0.012
11.679, 0.014, 0.000, 0.000, 0.000, 0.000, 0.000, 0.000, 115.100, 0.000, 0.000, 0.000, 0.000, 0.000, 161.245, 0.000, 0.000, 0.000, 0.000, 0.000, 87.603, 0.000, 0.000, 0.000, 0.000, 0.000, 94.361, 0.000, 0.000, 0.000, 0.000, 46.401, 0.012
11.476, 0.013, 0.000, 0.000, 0.000, 0.000, 0.000, 0.000, 121.234, 0.000, 0.000, 0.000, 0.000, 0.000, 159.154, 0.000, 0.000, 0.000, 0.000, 0.000, 89.414, 0.000, 0.000, 0.000, 0.000, 0.000, 94.214, 0.000, 0.000, 0.000, 0.000, 46.363, 0.025
Running benchmark for /home/pei/Project/benchmarks/imdb_job-postgres/queries/31b.sql...
9.203, 0.000, 0.000, 0.000, 0.000, 0.007, 0.018, 0.000, 111.190, 0.032, 0.047, 0.621, 0.034, 0.232, 150.890, 0.032, 0.042, 0.812, 0.041, 0.117, 89.825, 0.031, 0.043, 0.147, 0.039, 0.475, 29.155, 0.029, 0.042, 0.013, 0.000, 0.782, 0.008
9.237, 0.015, 0.000, 0.000, 0.000, 0.000, 0.000, 0.000, 111.136, 0.000, 0.000, 0.000, 0.000, 0.000, 153.183, 0.000, 0.000, 0.000, 0.000, 0.000, 89.244, 0.000, 0.000, 0.000, 0.000, 0.000, 29.704, 0.000, 0.000, 0.000, 0.000, 0.777, 0.023
9.153, 0.014, 0.000, 0.000, 0.000, 0.000, 0.000, 0.000, 112.182, 0.000, 0.000, 0.000, 0.000, 0.000, 153.714, 0.000, 0.000, 0.000, 0.000, 0.000, 91.579, 0.000, 0.000, 0.000, 0.000, 0.000, 29.685, 0.000, 0.000, 0.000, 0.000, 0.789, 0.010
9.222, 0.014, 0.000, 0.000, 0.000, 0.000, 0.000, 0.000, 112.095, 0.000, 0.000, 0.000, 0.000, 0.000, 151.782, 0.000, 0.000, 0.000, 0.000, 0.000, 88.190, 0.000, 0.000, 0.000, 0.000, 0.000, 29.623, 0.000, 0.000, 0.000, 0.000, 0.799, 0.024
9.277, 0.015, 0.000, 0.000, 0.000, 0.000, 0.000, 0.000, 110.576, 0.000, 0.000, 0.000, 0.000, 0.000, 149.514, 0.000, 0.000, 0.000, 0.000, 0.000, 86.759, 0.000, 0.000, 0.000, 0.000, 0.000, 29.558, 0.000, 0.000, 0.000, 0.000, 0.779, 0.026
9.159, 0.014, 0.000, 0.000, 0.000, 0.000, 0.000, 0.000, 110.908, 0.000, 0.000, 0.000, 0.000, 0.000, 149.178, 0.000, 0.000, 0.000, 0.000, 0.000, 89.495, 0.000, 0.000, 0.000, 0.000, 0.000, 29.397, 0.000, 0.000, 0.000, 0.000, 0.770, 0.011
9.206, 0.014, 0.000, 0.000, 0.000, 0.000, 0.000, 0.000, 110.541, 0.000, 0.000, 0.000, 0.000, 0.000, 149.017, 0.000, 0.000, 0.000, 0.000, 0.000, 88.571, 0.000, 0.000, 0.000, 0.000, 0.000, 29.428, 0.000, 0.000, 0.000, 0.000, 0.808, 0.025
9.330, 0.014, 0.000, 0.000, 0.000, 0.000, 0.000, 0.000, 110.605, 0.000, 0.000, 0.000, 0.000, 0.000, 152.667, 0.000, 0.000, 0.000, 0.000, 0.000, 89.484, 0.000, 0.000, 0.000, 0.000, 0.000, 29.721, 0.000, 0.000, 0.000, 0.000, 0.854, 0.026
Running benchmark for /home/pei/Project/benchmarks/imdb_job-postgres/queries/31c.sql...
9.029, 0.000, 0.000, 0.000, 0.000, 0.008, 0.018, 0.000, 111.240, 0.033, 0.046, 0.601, 0.019, 0.304, 227.205, 0.034, 0.040, 0.788, 0.036, 0.116, 124.758, 0.051, 0.041, 0.136, 0.037, 0.397, 152.453, 0.034, 0.040, 0.012, 0.000, 23.272, 0.011
9.212, 0.015, 0.000, 0.000, 0.000, 0.000, 0.000, 0.000, 111.669, 0.000, 0.000, 0.000, 0.000, 0.000, 227.616, 0.000, 0.000, 0.000, 0.000, 0.000, 125.597, 0.000, 0.000, 0.000, 0.000, 0.000, 152.112, 0.000, 0.000, 0.000, 0.000, 23.910, 0.012
9.121, 0.014, 0.000, 0.000, 0.000, 0.000, 0.000, 0.000, 112.722, 0.000, 0.000, 0.000, 0.000, 0.000, 226.333, 0.000, 0.000, 0.000, 0.000, 0.000, 126.782, 0.000, 0.000, 0.000, 0.000, 0.000, 153.782, 0.000, 0.000, 0.000, 0.000, 23.418, 0.012
9.341, 0.014, 0.000, 0.000, 0.000, 0.000, 0.000, 0.000, 111.395, 0.000, 0.000, 0.000, 0.000, 0.000, 227.204, 0.000, 0.000, 0.000, 0.000, 0.000, 123.434, 0.000, 0.000, 0.000, 0.000, 0.000, 154.009, 0.000, 0.000, 0.000, 0.000, 23.874, 0.024
9.206, 0.014, 0.000, 0.000, 0.000, 0.000, 0.000, 0.000, 113.149, 0.000, 0.000, 0.000, 0.000, 0.000, 230.640, 0.000, 0.000, 0.000, 0.000, 0.000, 122.316, 0.000, 0.000, 0.000, 0.000, 0.000, 152.268, 0.000, 0.000, 0.000, 0.000, 23.536, 0.027
9.224, 0.013, 0.000, 0.000, 0.000, 0.000, 0.000, 0.000, 110.749, 0.000, 0.000, 0.000, 0.000, 0.000, 225.448, 0.000, 0.000, 0.000, 0.000, 0.000, 125.326, 0.000, 0.000, 0.000, 0.000, 0.000, 152.677, 0.000, 0.000, 0.000, 0.000, 23.151, 0.027
9.244, 0.014, 0.000, 0.000, 0.000, 0.000, 0.000, 0.000, 110.231, 0.000, 0.000, 0.000, 0.000, 0.000, 226.039, 0.000, 0.000, 0.000, 0.000, 0.000, 123.401, 0.000, 0.000, 0.000, 0.000, 0.000, 152.476, 0.000, 0.000, 0.000, 0.000, 23.843, 0.012
9.112, 0.013, 0.000, 0.000, 0.000, 0.000, 0.000, 0.000, 111.553, 0.000, 0.000, 0.000, 0.000, 0.000, 229.639, 0.000, 0.000, 0.000, 0.000, 0.000, 126.267, 0.000, 0.000, 0.000, 0.000, 0.000, 153.021, 0.000, 0.000, 0.000, 0.000, 23.706, 0.025
Running benchmark for /home/pei/Project/benchmarks/imdb_job-postgres/queries/32a.sql...
9.361, 0.000, 0.000, 0.000, 0.000, 0.006, 0.016, 0.000, 104.985, 0.052, 0.029, 0.901, 0.036, 0.222, 164.455, 0.034, 0.027, 0.027, 0.000, 32.890, 0.011
9.371, 0.014, 0.000, 0.000, 0.000, 0.000, 0.000, 0.000, 107.662, 0.000, 0.000, 0.000, 0.000, 0.000, 163.516, 0.000, 0.000, 0.000, 0.000, 8.550, 0.011
9.568, 0.013, 0.000, 0.000, 0.000, 0.000, 0.000, 0.000, 104.573, 0.000, 0.000, 0.000, 0.000, 0.000, 163.260, 0.000, 0.000, 0.000, 0.000, 8.809, 0.014
9.589, 0.014, 0.000, 0.000, 0.000, 0.000, 0.000, 0.000, 104.888, 0.000, 0.000, 0.000, 0.000, 0.000, 162.441, 0.000, 0.000, 0.000, 0.000, 9.109, 0.025
9.334, 0.013, 0.000, 0.000, 0.000, 0.000, 0.000, 0.000, 103.611, 0.000, 0.000, 0.000, 0.000, 0.000, 163.168, 0.000, 0.000, 0.000, 0.000, 8.625, 0.010
9.468, 0.014, 0.000, 0.000, 0.000, 0.000, 0.000, 0.000, 104.947, 0.000, 0.000, 0.000, 0.000, 0.000, 162.850, 0.000, 0.000, 0.000, 0.000, 8.428, 0.011
9.615, 0.013, 0.000, 0.000, 0.000, 0.000, 0.000, 0.000, 103.032, 0.000, 0.000, 0.000, 0.000, 0.000, 163.011, 0.000, 0.000, 0.000, 0.000, 8.545, 0.012
9.363, 0.013, 0.000, 0.000, 0.000, 0.000, 0.000, 0.000, 106.208, 0.000, 0.000, 0.000, 0.000, 0.000, 163.170, 0.000, 0.000, 0.000, 0.000, 8.711, 0.012
Running benchmark for /home/pei/Project/benchmarks/imdb_job-postgres/queries/32b.sql...
4.603, 0.000, 0.000, 0.000, 0.000, 0.010, 0.020, 0.000, 94.857, 0.037, 0.027, 0.869, 0.036, 0.203, 113.976, 0.048, 0.026, 0.010, 0.000, 31.338, 0.012
4.673, 0.014, 0.000, 0.000, 0.000, 0.000, 0.000, 0.000, 97.178, 0.000, 0.000, 0.000, 0.000, 0.000, 114.108, 0.000, 0.000, 0.000, 0.000, 55.294, 0.012
4.854, 0.013, 0.000, 0.000, 0.000, 0.000, 0.000, 0.000, 95.222, 0.000, 0.000, 0.000, 0.000, 0.000, 114.191, 0.000, 0.000, 0.000, 0.000, 31.745, 0.013
4.806, 0.013, 0.000, 0.000, 0.000, 0.000, 0.000, 0.000, 94.963, 0.000, 0.000, 0.000, 0.000, 0.000, 114.473, 0.000, 0.000, 0.000, 0.000, 31.820, 0.027
4.816, 0.014, 0.000, 0.000, 0.000, 0.000, 0.000, 0.000, 94.604, 0.000, 0.000, 0.000, 0.000, 0.000, 114.620, 0.000, 0.000, 0.000, 0.000, 31.811, 0.025
4.691, 0.014, 0.000, 0.000, 0.000, 0.000, 0.000, 0.000, 96.797, 0.000, 0.000, 0.000, 0.000, 0.000, 114.548, 0.000, 0.000, 0.000, 0.000, 30.443, 0.012
4.651, 0.013, 0.000, 0.000, 0.000, 0.000, 0.000, 0.000, 94.121, 0.000, 0.000, 0.000, 0.000, 0.000, 114.073, 0.000, 0.000, 0.000, 0.000, 31.596, 0.012
4.733, 0.013, 0.000, 0.000, 0.000, 0.000, 0.000, 0.000, 96.869, 0.000, 0.000, 0.000, 0.000, 0.000, 115.676, 0.000, 0.000, 0.000, 0.000, 31.974, 0.024
Running benchmark for /home/pei/Project/benchmarks/imdb_job-postgres/queries/33a.sql...
4.885, 0.000, 0.000, 0.000, 0.000, 0.007, 0.017, 0.000, 75.755, 0.035, 0.047, 23.511, 0.046, 0.186, 5.500, 0.017, 0.040, 1.252, 0.022, 0.096, 467.609, 0.039, 0.042, 0.836, 0.020, 0.197, 0.825, 0.015, 0.025, 0.497, 0.020, 0.145, 0.741, 0.015, 0.022, 0.378, 0.019, 0.120, 0.632, 0.015, 0.019, 0.341, 0.019, 0.110, 67.340, 0.029, 0.021, 0.371, 0.035, 0.111, 0.670, 0.028, 0.017, 0.320, 0.034, 0.109, 0.621, 0.028, 0.015, 0.309, 0.020, 0.121, 0.620, 0.016, 0.015, 0.281, 0.035, 0.108, 0.615, 0.028, 0.013, 0.007, 0.000, 0.408, 0.024
4.880, 0.016, 0.000, 0.000, 0.000, 0.000, 0.000, 0.000, 83.508, 0.000, 0.000, 0.000, 0.000, 0.000, 5.828, 0.000, 0.000, 0.000, 0.000, 0.000, 468.828, 0.000, 0.000, 0.000, 0.000, 0.000, 1.058, 0.000, 0.000, 0.000, 0.000, 0.000, 0.898, 0.000, 0.000, 0.000, 0.000, 0.000, 0.706, 0.000, 0.000, 0.000, 0.000, 0.000, 68.466, 0.000, 0.000, 0.000, 0.000, 0.000, 0.829, 0.000, 0.000, 0.000, 0.000, 0.000, 0.779, 0.000, 0.000, 0.000, 0.000, 0.000, 0.782, 0.000, 0.000, 0.000, 0.000, 0.000, 0.773, 0.000, 0.000, 0.000, 0.000, 0.361, 0.011
4.939, 0.014, 0.000, 0.000, 0.000, 0.000, 0.000, 0.000, 79.224, 0.000, 0.000, 0.000, 0.000, 0.000, 5.735, 0.000, 0.000, 0.000, 0.000, 0.000, 464.522, 0.000, 0.000, 0.000, 0.000, 0.000, 1.153, 0.000, 0.000, 0.000, 0.000, 0.000, 0.883, 0.000, 0.000, 0.000, 0.000, 0.000, 0.718, 0.000, 0.000, 0.000, 0.000, 0.000, 67.148, 0.000, 0.000, 0.000, 0.000, 0.000, 0.800, 0.000, 0.000, 0.000, 0.000, 0.000, 0.757, 0.000, 0.000, 0.000, 0.000, 0.000, 0.758, 0.000, 0.000, 0.000, 0.000, 0.000, 0.711, 0.000, 0.000, 0.000, 0.000, 0.360, 0.011
4.926, 0.014, 0.000, 0.000, 0.000, 0.000, 0.000, 0.000, 78.452, 0.000, 0.000, 0.000, 0.000, 0.000, 6.012, 0.000, 0.000, 0.000, 0.000, 0.000, 471.854, 0.000, 0.000, 0.000, 0.000, 0.000, 1.071, 0.000, 0.000, 0.000, 0.000, 0.000, 0.884, 0.000, 0.000, 0.000, 0.000, 0.000, 0.714, 0.000, 0.000, 0.000, 0.000, 0.000, 67.140, 0.000, 0.000, 0.000, 0.000, 0.000, 0.848, 0.000, 0.000, 0.000, 0.000, 0.000, 0.738, 0.000, 0.000, 0.000, 0.000, 0.000, 0.732, 0.000, 0.000, 0.000, 0.000, 0.000, 0.754, 0.000, 0.000, 0.000, 0.000, 0.370, 0.024
4.923, 0.014, 0.000, 0.000, 0.000, 0.000, 0.000, 0.000, 78.237, 0.000, 0.000, 0.000, 0.000, 0.000, 5.750, 0.000, 0.000, 0.000, 0.000, 0.000, 464.907, 0.000, 0.000, 0.000, 0.000, 0.000, 1.057, 0.000, 0.000, 0.000, 0.000, 0.000, 0.859, 0.000, 0.000, 0.000, 0.000, 0.000, 0.782, 0.000, 0.000, 0.000, 0.000, 0.000, 66.087, 0.000, 0.000, 0.000, 0.000, 0.000, 0.833, 0.000, 0.000, 0.000, 0.000, 0.000, 0.768, 0.000, 0.000, 0.000, 0.000, 0.000, 0.767, 0.000, 0.000, 0.000, 0.000, 0.000, 0.803, 0.000, 0.000, 0.000, 0.000, 0.356, 0.011
4.891, 0.014, 0.000, 0.000, 0.000, 0.000, 0.000, 0.000, 78.486, 0.000, 0.000, 0.000, 0.000, 0.000, 5.639, 0.000, 0.000, 0.000, 0.000, 0.000, 467.437, 0.000, 0.000, 0.000, 0.000, 0.000, 1.052, 0.000, 0.000, 0.000, 0.000, 0.000, 0.886, 0.000, 0.000, 0.000, 0.000, 0.000, 0.757, 0.000, 0.000, 0.000, 0.000, 0.000, 67.627, 0.000, 0.000, 0.000, 0.000, 0.000, 0.866, 0.000, 0.000, 0.000, 0.000, 0.000, 0.832, 0.000, 0.000, 0.000, 0.000, 0.000, 0.821, 0.000, 0.000, 0.000, 0.000, 0.000, 0.768, 0.000, 0.000, 0.000, 0.000, 0.343, 0.011
4.879, 0.014, 0.000, 0.000, 0.000, 0.000, 0.000, 0.000, 78.020, 0.000, 0.000, 0.000, 0.000, 0.000, 5.812, 0.000, 0.000, 0.000, 0.000, 0.000, 465.374, 0.000, 0.000, 0.000, 0.000, 0.000, 1.052, 0.000, 0.000, 0.000, 0.000, 0.000, 0.935, 0.000, 0.000, 0.000, 0.000, 0.000, 0.733, 0.000, 0.000, 0.000, 0.000, 0.000, 66.132, 0.000, 0.000, 0.000, 0.000, 0.000, 0.826, 0.000, 0.000, 0.000, 0.000, 0.000, 0.762, 0.000, 0.000, 0.000, 0.000, 0.000, 0.754, 0.000, 0.000, 0.000, 0.000, 0.000, 0.734, 0.000, 0.000, 0.000, 0.000, 0.347, 0.026
4.925, 0.013, 0.000, 0.000, 0.000, 0.000, 0.000, 0.000, 76.871, 0.000, 0.000, 0.000, 0.000, 0.000, 5.909, 0.000, 0.000, 0.000, 0.000, 0.000, 464.607, 0.000, 0.000, 0.000, 0.000, 0.000, 1.151, 0.000, 0.000, 0.000, 0.000, 0.000, 0.849, 0.000, 0.000, 0.000, 0.000, 0.000, 0.693, 0.000, 0.000, 0.000, 0.000, 0.000, 67.387, 0.000, 0.000, 0.000, 0.000, 0.000, 0.778, 0.000, 0.000, 0.000, 0.000, 0.000, 0.769, 0.000, 0.000, 0.000, 0.000, 0.000, 0.785, 0.000, 0.000, 0.000, 0.000, 0.000, 0.737, 0.000, 0.000, 0.000, 0.000, 0.354, 0.012
Running benchmark for /home/pei/Project/benchmarks/imdb_job-postgres/queries/33b.sql...
23.477, 0.000, 0.000, 0.000, 0.000, 0.012, 0.023, 0.000, 96.290, 0.034, 0.050, 0.743, 0.022, 0.288, 1.101, 0.015, 0.026, 1.195, 0.018, 0.121, 103.585, 0.038, 0.041, 0.804, 0.021, 0.150, 5.062, 0.016, 0.029, 0.494, 0.020, 0.130, 0.727, 0.016, 0.021, 0.419, 0.021, 0.156, 1.499, 0.016, 0.022, 0.341, 0.020, 0.133, 0.639, 0.016, 0.019, 0.320, 0.020, 0.123, 0.674, 0.016, 0.019, 0.309, 0.020, 0.127, 0.628, 0.017, 0.017, 0.227, 0.016, 0.127, 0.668, 0.016, 0.016, 0.304, 0.021, 0.126, 0.610, 0.016, 0.014, 0.007, 0.000, 0.348, 0.008
23.430, 0.015, 0.000, 0.000, 0.000, 0.000, 0.000, 0.000, 101.118, 0.000, 0.000, 0.000, 0.000, 0.000, 1.816, 0.000, 0.000, 0.000, 0.000, 0.000, 104.678, 0.000, 0.000, 0.000, 0.000, 0.000, 5.053, 0.000, 0.000, 0.000, 0.000, 0.000, 0.757, 0.000, 0.000, 0.000, 0.000, 0.000, 0.813, 0.000, 0.000, 0.000, 0.000, 0.000, 0.725, 0.000, 0.000, 0.000, 0.000, 0.000, 0.878, 0.000, 0.000, 0.000, 0.000, 0.000, 0.759, 0.000, 0.000, 0.000, 0.000, 0.000, 0.740, 0.000, 0.000, 0.000, 0.000, 0.000, 0.812, 0.000, 0.000, 0.000, 0.000, 0.344, 0.015
23.635, 0.014, 0.000, 0.000, 0.000, 0.000, 0.000, 0.000, 89.029, 0.000, 0.000, 0.000, 0.000, 0.000, 1.426, 0.000, 0.000, 0.000, 0.000, 0.000, 105.377, 0.000, 0.000, 0.000, 0.000, 0.000, 5.218, 0.000, 0.000, 0.000, 0.000, 0.000, 0.760, 0.000, 0.000, 0.000, 0.000, 0.000, 0.837, 0.000, 0.000, 0.000, 0.000, 0.000, 0.746, 0.000, 0.000, 0.000, 0.000, 0.000, 0.771, 0.000, 0.000, 0.000, 0.000, 0.000, 0.761, 0.000, 0.000, 0.000, 0.000, 0.000, 0.756, 0.000, 0.000, 0.000, 0.000, 0.000, 0.757, 0.000, 0.000, 0.000, 0.000, 0.322, 0.012
23.718, 0.014, 0.000, 0.000, 0.000, 0.000, 0.000, 0.000, 84.610, 0.000, 0.000, 0.000, 0.000, 0.000, 1.472, 0.000, 0.000, 0.000, 0.000, 0.000, 100.913, 0.000, 0.000, 0.000, 0.000, 0.000, 5.346, 0.000, 0.000, 0.000, 0.000, 0.000, 0.803, 0.000, 0.000, 0.000, 0.000, 0.000, 0.803, 0.000, 0.000, 0.000, 0.000, 0.000, 0.803, 0.000, 0.000, 0.000, 0.000, 0.000, 0.779, 0.000, 0.000, 0.000, 0.000, 0.000, 0.767, 0.000, 0.000, 0.000, 0.000, 0.000, 0.745, 0.000, 0.000, 0.000, 0.000, 0.000, 0.728, 0.000, 0.000, 0.000, 0.000, 0.338, 0.011
23.860, 0.015, 0.000, 0.000, 0.000, 0.000, 0.000, 0.000, 91.348, 0.000, 0.000, 0.000, 0.000, 0.000, 1.364, 0.000, 0.000, 0.000, 0.000, 0.000, 104.507, 0.000, 0.000, 0.000, 0.000, 0.000, 5.318, 0.000, 0.000, 0.000, 0.000, 0.000, 0.806, 0.000, 0.000, 0.000, 0.000, 0.000, 0.832, 0.000, 0.000, 0.000, 0.000, 0.000, 0.735, 0.000, 0.000, 0.000, 0.000, 0.000, 0.809, 0.000, 0.000, 0.000, 0.000, 0.000, 0.772, 0.000, 0.000, 0.000, 0.000, 0.000, 0.789, 0.000, 0.000, 0.000, 0.000, 0.000, 0.748, 0.000, 0.000, 0.000, 0.000, 0.327, 0.012
24.086, 0.013, 0.000, 0.000, 0.000, 0.000, 0.000, 0.000, 87.103, 0.000, 0.000, 0.000, 0.000, 0.000, 1.369, 0.000, 0.000, 0.000, 0.000, 0.000, 108.100, 0.000, 0.000, 0.000, 0.000, 0.000, 5.309, 0.000, 0.000, 0.000, 0.000, 0.000, 0.849, 0.000, 0.000, 0.000, 0.000, 0.000, 0.827, 0.000, 0.000, 0.000, 0.000, 0.000, 0.778, 0.000, 0.000, 0.000, 0.000, 0.000, 0.824, 0.000, 0.000, 0.000, 0.000, 0.000, 0.766, 0.000, 0.000, 0.000, 0.000, 0.000, 0.754, 0.000, 0.000, 0.000, 0.000, 0.000, 0.725, 0.000, 0.000, 0.000, 0.000, 0.324, 0.012
23.815, 0.014, 0.000, 0.000, 0.000, 0.000, 0.000, 0.000, 96.114, 0.000, 0.000, 0.000, 0.000, 0.000, 1.334, 0.000, 0.000, 0.000, 0.000, 0.000, 104.070, 0.000, 0.000, 0.000, 0.000, 0.000, 5.159, 0.000, 0.000, 0.000, 0.000, 0.000, 0.782, 0.000, 0.000, 0.000, 0.000, 0.000, 0.846, 0.000, 0.000, 0.000, 0.000, 0.000, 0.780, 0.000, 0.000, 0.000, 0.000, 0.000, 0.824, 0.000, 0.000, 0.000, 0.000, 0.000, 0.725, 0.000, 0.000, 0.000, 0.000, 0.000, 0.758, 0.000, 0.000, 0.000, 0.000, 0.000, 0.798, 0.000, 0.000, 0.000, 0.000, 0.319, 0.011
23.636, 0.014, 0.000, 0.000, 0.000, 0.000, 0.000, 0.000, 84.240, 0.000, 0.000, 0.000, 0.000, 0.000, 1.348, 0.000, 0.000, 0.000, 0.000, 0.000, 99.422, 0.000, 0.000, 0.000, 0.000, 0.000, 5.289, 0.000, 0.000, 0.000, 0.000, 0.000, 0.804, 0.000, 0.000, 0.000, 0.000, 0.000, 0.833, 0.000, 0.000, 0.000, 0.000, 0.000, 0.697, 0.000, 0.000, 0.000, 0.000, 0.000, 0.772, 0.000, 0.000, 0.000, 0.000, 0.000, 0.788, 0.000, 0.000, 0.000, 0.000, 0.000, 0.761, 0.000, 0.000, 0.000, 0.000, 0.000, 0.775, 0.000, 0.000, 0.000, 0.000, 0.316, 0.011
Running benchmark for /home/pei/Project/benchmarks/imdb_job-postgres/queries/33c.sql...
22.952, 0.000, 0.000, 0.000, 0.000, 0.008, 0.019, 0.000, 80.758, 0.036, 0.048, 0.734, 0.020, 0.209, 6.957, 0.016, 0.033, 1.581, 0.021, 0.168, 0.761, 0.015, 0.024, 0.694, 0.020, 0.143, 0.814, 0.047, 0.023, 0.468, 0.019, 0.128, 0.644, 0.015, 0.020, 0.392, 0.019, 0.119, 2.323, 0.016, 0.021, 0.335, 0.019, 0.126, 0.660, 0.015, 0.018, 0.721, 0.023, 0.217, 1.197, 0.016, 0.018, 0.007, 0.000, 0.599, 0.008
22.418, 0.014, 0.000, 0.000, 0.000, 0.000, 0.000, 0.000, 79.361, 0.000, 0.000, 0.000, 0.000, 0.000, 6.865, 0.000, 0.000, 0.000, 0.000, 0.000, 0.926, 0.000, 0.000, 0.000, 0.000, 0.000, 0.948, 0.000, 0.000, 0.000, 0.000, 0.000, 0.751, 0.000, 0.000, 0.000, 0.000, 0.000, 0.961, 0.000, 0.000, 0.000, 0.000, 0.000, 0.822, 0.000, 0.000, 0.000, 0.000, 0.000, 1.432, 0.000, 0.000, 0.000, 0.000, 0.571, 0.027
22.558, 0.014, 0.000, 0.000, 0.000, 0.000, 0.000, 0.000, 82.154, 0.000, 0.000, 0.000, 0.000, 0.000, 6.838, 0.000, 0.000, 0.000, 0.000, 0.000, 0.908, 0.000, 0.000, 0.000, 0.000, 0.000, 0.938, 0.000, 0.000, 0.000, 0.000, 0.000, 0.743, 0.000, 0.000, 0.000, 0.000, 0.000, 0.992, 0.000, 0.000, 0.000, 0.000, 0.000, 0.763, 0.000, 0.000, 0.000, 0.000, 0.000, 1.394, 0.000, 0.000, 0.000, 0.000, 0.567, 0.027
22.497, 0.014, 0.000, 0.000, 0.000, 0.000, 0.000, 0.000, 79.772, 0.000, 0.000, 0.000, 0.000, 0.000, 7.250, 0.000, 0.000, 0.000, 0.000, 0.000, 0.912, 0.000, 0.000, 0.000, 0.000, 0.000, 0.943, 0.000, 0.000, 0.000, 0.000, 0.000, 0.840, 0.000, 0.000, 0.000, 0.000, 0.000, 0.940, 0.000, 0.000, 0.000, 0.000, 0.000, 0.814, 0.000, 0.000, 0.000, 0.000, 0.000, 1.496, 0.000, 0.000, 0.000, 0.000, 0.587, 0.012
22.403, 0.014, 0.000, 0.000, 0.000, 0.000, 0.000, 0.000, 81.416, 0.000, 0.000, 0.000, 0.000, 0.000, 7.169, 0.000, 0.000, 0.000, 0.000, 0.000, 0.986, 0.000, 0.000, 0.000, 0.000, 0.000, 0.975, 0.000, 0.000, 0.000, 0.000, 0.000, 0.799, 0.000, 0.000, 0.000, 0.000, 0.000, 0.993, 0.000, 0.000, 0.000, 0.000, 0.000, 0.801, 0.000, 0.000, 0.000, 0.000, 0.000, 1.470, 0.000, 0.000, 0.000, 0.000, 0.605, 0.011
22.442, 0.014, 0.000, 0.000, 0.000, 0.000, 0.000, 0.000, 78.991, 0.000, 0.000, 0.000, 0.000, 0.000, 6.971, 0.000, 0.000, 0.000, 0.000, 0.000, 0.963, 0.000, 0.000, 0.000, 0.000, 0.000, 0.935, 0.000, 0.000, 0.000, 0.000, 0.000, 0.754, 0.000, 0.000, 0.000, 0.000, 0.000, 0.972, 0.000, 0.000, 0.000, 0.000, 0.000, 0.768, 0.000, 0.000, 0.000, 0.000, 0.000, 1.415, 0.000, 0.000, 0.000, 0.000, 0.578, 0.026
22.572, 0.014, 0.000, 0.000, 0.000, 0.000, 0.000, 0.000, 79.502, 0.000, 0.000, 0.000, 0.000, 0.000, 6.691, 0.000, 0.000, 0.000, 0.000, 0.000, 0.895, 0.000, 0.000, 0.000, 0.000, 0.000, 0.990, 0.000, 0.000, 0.000, 0.000, 0.000, 0.757, 0.000, 0.000, 0.000, 0.000, 0.000, 0.961, 0.000, 0.000, 0.000, 0.000, 0.000, 0.803, 0.000, 0.000, 0.000, 0.000, 0.000, 1.444, 0.000, 0.000, 0.000, 0.000, 0.541, 0.011
22.060, 0.014, 0.000, 0.000, 0.000, 0.000, 0.000, 0.000, 78.934, 0.000, 0.000, 0.000, 0.000, 0.000, 7.265, 0.000, 0.000, 0.000, 0.000, 0.000, 0.930, 0.000, 0.000, 0.000, 0.000, 0.000, 0.944, 0.000, 0.000, 0.000, 0.000, 0.000, 0.750, 0.000, 0.000, 0.000, 0.000, 0.000, 1.033, 0.000, 0.000, 0.000, 0.000, 0.000, 0.771, 0.000, 0.000, 0.000, 0.000, 0.000, 1.400, 0.000, 0.000, 0.000, 0.000, 0.564, 0.011
Running benchmark for /home/pei/Project/benchmarks/imdb_job-postgres/queries/3a.sql...
16.712, 0.000, 0.000, 0.000, 0.000, 0.007, 0.019, 0.000, 98.339, 0.036, 0.027, 0.011, 0.000, 294.576, 0.023
16.659, 0.014, 0.000, 0.000, 0.000, 0.000, 0.000, 0.000, 63.069, 0.000, 0.000, 0.000, 0.000, 53.434, 0.012
16.775, 0.013, 0.000, 0.000, 0.000, 0.000, 0.000, 0.000, 62.963, 0.000, 0.000, 0.000, 0.000, 54.807, 0.012
17.117, 0.013, 0.000, 0.000, 0.000, 0.000, 0.000, 0.000, 58.789, 0.000, 0.000, 0.000, 0.000, 108.015, 0.014
16.705, 0.013, 0.000, 0.000, 0.000, 0.000, 0.000, 0.000, 58.132, 0.000, 0.000, 0.000, 0.000, 53.355, 0.012
16.750, 0.014, 0.000, 0.000, 0.000, 0.000, 0.000, 0.000, 59.418, 0.000, 0.000, 0.000, 0.000, 54.881, 0.012
16.672, 0.014, 0.000, 0.000, 0.000, 0.000, 0.000, 0.000, 57.832, 0.000, 0.000, 0.000, 0.000, 53.349, 0.012
16.600, 0.013, 0.000, 0.000, 0.000, 0.000, 0.000, 0.000, 57.325, 0.000, 0.000, 0.000, 0.000, 53.358, 0.011
Running benchmark for /home/pei/Project/benchmarks/imdb_job-postgres/queries/3b.sql...
3.911, 0.000, 0.000, 0.000, 0.000, 0.015, 0.044, 0.000, 45.060, 0.026, 0.022, 0.007, 0.000, 3.989, 0.014
2.746, 0.014, 0.000, 0.000, 0.000, 0.000, 0.000, 0.000, 35.609, 0.000, 0.000, 0.000, 0.000, 4.016, 0.011
2.739, 0.013, 0.000, 0.000, 0.000, 0.000, 0.000, 0.000, 36.050, 0.000, 0.000, 0.000, 0.000, 4.063, 0.011
196.627, 0.045, 0.000, 0.000, 0.000, 0.000, 0.000, 0.000, 75.428, 0.000, 0.000, 0.000, 0.000, 4.072, 0.012
2.732, 0.013, 0.000, 0.000, 0.000, 0.000, 0.000, 0.000, 35.320, 0.000, 0.000, 0.000, 0.000, 3.910, 0.011
2.720, 0.014, 0.000, 0.000, 0.000, 0.000, 0.000, 0.000, 34.485, 0.000, 0.000, 0.000, 0.000, 3.764, 0.011
2.695, 0.014, 0.000, 0.000, 0.000, 0.000, 0.000, 0.000, 35.230, 0.000, 0.000, 0.000, 0.000, 3.989, 0.011
2.728, 0.014, 0.000, 0.000, 0.000, 0.000, 0.000, 0.000, 34.783, 0.000, 0.000, 0.000, 0.000, 3.978, 0.012
Running benchmark for /home/pei/Project/benchmarks/imdb_job-postgres/queries/3c.sql...
2.457, 0.000, 0.000, 0.000, 0.000, 0.007, 0.016, 0.000, 49.513, 0.033, 0.029, 0.012, 0.000, 691.759, 0.014
2.442, 0.013, 0.000, 0.000, 0.000, 0.000, 0.000, 0.000, 49.478, 0.000, 0.000, 0.000, 0.000, 700.313, 0.011
2.413, 0.013, 0.000, 0.000, 0.000, 0.000, 0.000, 0.000, 49.474, 0.000, 0.000, 0.000, 0.000, 709.929, 0.011
2.501, 0.013, 0.000, 0.000, 0.000, 0.000, 0.000, 0.000, 49.618, 0.000, 0.000, 0.000, 0.000, 678.820, 0.011
2.487, 0.013, 0.000, 0.000, 0.000, 0.000, 0.000, 0.000, 48.393, 0.000, 0.000, 0.000, 0.000, 785.113, 0.011
2.393, 0.014, 0.000, 0.000, 0.000, 0.000, 0.000, 0.000, 48.883, 0.000, 0.000, 0.000, 0.000, 702.568, 0.012
2.435, 0.014, 0.000, 0.000, 0.000, 0.000, 0.000, 0.000, 49.083, 0.000, 0.000, 0.000, 0.000, 705.409, 0.011
2.450, 0.014, 0.000, 0.000, 0.000, 0.000, 0.000, 0.000, 49.243, 0.000, 0.000, 0.000, 0.000, 674.035, 0.011
Running benchmark for /home/pei/Project/benchmarks/imdb_job-postgres/queries/4a.sql...
2.698, 0.000, 0.000, 0.000, 0.000, 0.006, 0.017, 0.000, 117.203, 0.035, 0.026, 0.698, 0.021, 0.221, 387.123, 0.037, 0.026, 0.009, 0.000, 25.039, 0.010
2.730, 0.014, 0.000, 0.000, 0.000, 0.000, 0.000, 0.000, 115.814, 0.000, 0.000, 0.000, 0.000, 0.000, 385.570, 0.000, 0.000, 0.000, 0.000, 24.987, 0.012
2.687, 0.013, 0.000, 0.000, 0.000, 0.000, 0.000, 0.000, 116.309, 0.000, 0.000, 0.000, 0.000, 0.000, 386.795, 0.000, 0.000, 0.000, 0.000, 25.019, 0.011
2.728, 0.014, 0.000, 0.000, 0.000, 0.000, 0.000, 0.000, 116.090, 0.000, 0.000, 0.000, 0.000, 0.000, 381.639, 0.000, 0.000, 0.000, 0.000, 25.206, 0.012
2.715, 0.013, 0.000, 0.000, 0.000, 0.000, 0.000, 0.000, 115.091, 0.000, 0.000, 0.000, 0.000, 0.000, 389.383, 0.000, 0.000, 0.000, 0.000, 24.725, 0.011
2.702, 0.013, 0.000, 0.000, 0.000, 0.000, 0.000, 0.000, 115.761, 0.000, 0.000, 0.000, 0.000, 0.000, 386.934, 0.000, 0.000, 0.000, 0.000, 24.742, 0.011
2.702, 0.013, 0.000, 0.000, 0.000, 0.000, 0.000, 0.000, 116.595, 0.000, 0.000, 0.000, 0.000, 0.000, 386.585, 0.000, 0.000, 0.000, 0.000, 24.952, 0.011
2.622, 0.014, 0.000, 0.000, 0.000, 0.000, 0.000, 0.000, 116.088, 0.000, 0.000, 0.000, 0.000, 0.000, 379.074, 0.000, 0.000, 0.000, 0.000, 24.978, 0.012
Running benchmark for /home/pei/Project/benchmarks/imdb_job-postgres/queries/4b.sql...
4.872, 0.000, 0.000, 0.000, 0.000, 0.009, 0.022, 0.000, 50.247, 0.032, 0.026, 0.651, 0.021, 0.211, 1.957, 0.015, 0.014, 0.007, 0.000, 2.052, 0.008
5.042, 0.014, 0.000, 0.000, 0.000, 0.000, 0.000, 0.000, 49.847, 0.000, 0.000, 0.000, 0.000, 0.000, 2.082, 0.000, 0.000, 0.000, 0.000, 2.039, 0.026
4.945, 0.013, 0.000, 0.000, 0.000, 0.000, 0.000, 0.000, 50.082, 0.000, 0.000, 0.000, 0.000, 0.000, 2.093, 0.000, 0.000, 0.000, 0.000, 2.111, 0.024
4.965, 0.014, 0.000, 0.000, 0.000, 0.000, 0.000, 0.000, 50.182, 0.000, 0.000, 0.000, 0.000, 0.000, 2.021, 0.000, 0.000, 0.000, 0.000, 2.067, 0.023
5.036, 0.014, 0.000, 0.000, 0.000, 0.000, 0.000, 0.000, 49.837, 0.000, 0.000, 0.000, 0.000, 0.000, 2.132, 0.000, 0.000, 0.000, 0.000, 2.039, 0.023
4.919, 0.013, 0.000, 0.000, 0.000, 0.000, 0.000, 0.000, 50.310, 0.000, 0.000, 0.000, 0.000, 0.000, 2.064, 0.000, 0.000, 0.000, 0.000, 2.029, 0.026
4.927, 0.013, 0.000, 0.000, 0.000, 0.000, 0.000, 0.000, 50.145, 0.000, 0.000, 0.000, 0.000, 0.000, 2.056, 0.000, 0.000, 0.000, 0.000, 2.044, 0.024
4.877, 0.013, 0.000, 0.000, 0.000, 0.000, 0.000, 0.000, 50.335, 0.000, 0.000, 0.000, 0.000, 0.000, 2.141, 0.000, 0.000, 0.000, 0.000, 2.040, 0.024
Running benchmark for /home/pei/Project/benchmarks/imdb_job-postgres/queries/4c.sql...
4.580, 0.000, 0.000, 0.000, 0.000, 0.006, 0.017, 0.000, 127.398, 0.034, 0.027, 0.689, 0.021, 0.212, 533.911, 0.040, 0.024, 0.024, 0.000, 40.279, 0.013
4.717, 0.041, 0.000, 0.000, 0.000, 0.000, 0.000, 0.000, 127.027, 0.000, 0.000, 0.000, 0.000, 0.000, 541.246, 0.000, 0.000, 0.000, 0.000, 40.203, 0.012
4.724, 0.013, 0.000, 0.000, 0.000, 0.000, 0.000, 0.000, 126.664, 0.000, 0.000, 0.000, 0.000, 0.000, 532.875, 0.000, 0.000, 0.000, 0.000, 40.556, 0.011
4.786, 0.013, 0.000, 0.000, 0.000, 0.000, 0.000, 0.000, 127.470, 0.000, 0.000, 0.000, 0.000, 0.000, 555.585, 0.000, 0.000, 0.000, 0.000, 41.894, 0.026
4.681, 0.013, 0.000, 0.000, 0.000, 0.000, 0.000, 0.000, 127.214, 0.000, 0.000, 0.000, 0.000, 0.000, 542.966, 0.000, 0.000, 0.000, 0.000, 40.203, 0.011
4.727, 0.012, 0.000, 0.000, 0.000, 0.000, 0.000, 0.000, 126.072, 0.000, 0.000, 0.000, 0.000, 0.000, 536.453, 0.000, 0.000, 0.000, 0.000, 40.674, 0.011
4.923, 0.013, 0.000, 0.000, 0.000, 0.000, 0.000, 0.000, 127.604, 0.000, 0.000, 0.000, 0.000, 0.000, 549.867, 0.000, 0.000, 0.000, 0.000, 40.217, 0.011
4.642, 0.013, 0.000, 0.000, 0.000, 0.000, 0.000, 0.000, 127.069, 0.000, 0.000, 0.000, 0.000, 0.000, 538.291, 0.000, 0.000, 0.000, 0.000, 41.815, 0.012
Running benchmark for /home/pei/Project/benchmarks/imdb_job-postgres/queries/5a.sql...
5.189, 0.000, 0.000, 0.000, 0.000, 0.006, 0.017, 0.000, 91.121, 0.034, 0.028, 0.010, 0.239, 0.436, 0.011
5.178, 0.015, 0.000, 0.000, 0.000, 0.000, 0.000, 0.000, 83.610, 0.000, 0.000, 0.000, 0.000, 0.460, 0.011
5.175, 0.013, 0.000, 0.000, 0.000, 0.000, 0.000, 0.000, 85.127, 0.000, 0.000, 0.000, 0.000, 0.527, 0.013
5.364, 0.013, 0.000, 0.000, 0.000, 0.000, 0.000, 0.000, 89.787, 0.000, 0.000, 0.000, 0.000, 0.533, 0.011
5.177, 0.013, 0.000, 0.000, 0.000, 0.000, 0.000, 0.000, 90.037, 0.000, 0.000, 0.000, 0.000, 0.498, 0.011
5.209, 0.014, 0.000, 0.000, 0.000, 0.000, 0.000, 0.000, 83.754, 0.000, 0.000, 0.000, 0.000, 0.525, 0.027
5.252, 0.014, 0.000, 0.000, 0.000, 0.000, 0.000, 0.000, 83.980, 0.000, 0.000, 0.000, 0.000, 0.524, 0.011
5.158, 0.013, 0.000, 0.000, 0.000, 0.000, 0.000, 0.000, 83.220, 0.000, 0.000, 0.000, 0.000, 0.535, 0.011
Running benchmark for /home/pei/Project/benchmarks/imdb_job-postgres/queries/5b.sql...
0.995, 0.000, 0.000, 0.000, 0.000, 0.005, 0.017, 0.000, 81.057, 0.034, 0.025, 0.009, 0.239, 0.385, 0.014
1.006, 0.011, 0.000, 0.000, 0.000, 0.000, 0.000, 0.000, 80.764, 0.000, 0.000, 0.000, 0.000, 0.459, 0.011
0.977, 0.011, 0.000, 0.000, 0.000, 0.000, 0.000, 0.000, 82.346, 0.000, 0.000, 0.000, 0.000, 0.466, 0.010
0.998, 0.011, 0.000, 0.000, 0.000, 0.000, 0.000, 0.000, 77.706, 0.000, 0.000, 0.000, 0.000, 0.466, 0.011
1.004, 0.011, 0.000, 0.000, 0.000, 0.000, 0.000, 0.000, 78.006, 0.000, 0.000, 0.000, 0.000, 0.469, 0.011
0.994, 0.010, 0.000, 0.000, 0.000, 0.000, 0.000, 0.000, 79.850, 0.000, 0.000, 0.000, 0.000, 0.444, 0.015
0.959, 0.011, 0.000, 0.000, 0.000, 0.000, 0.000, 0.000, 79.760, 0.000, 0.000, 0.000, 0.000, 0.458, 0.011
0.940, 0.011, 0.000, 0.000, 0.000, 0.000, 0.000, 0.000, 83.862, 0.000, 0.000, 0.000, 0.000, 0.492, 0.010
Running benchmark for /home/pei/Project/benchmarks/imdb_job-postgres/queries/5c.sql...
0.972, 0.000, 0.000, 0.000, 0.000, 0.006, 0.018, 0.000, 95.879, 0.034, 0.028, 0.657, 0.019, 0.208, 4.283, 0.017, 0.017, 0.010, 0.000, 148.468, 0.047
0.996, 0.011, 0.000, 0.000, 0.000, 0.000, 0.000, 0.000, 96.465, 0.000, 0.000, 0.000, 0.000, 0.000, 4.487, 0.000, 0.000, 0.000, 0.000, 27.087, 0.012
0.951, 0.012, 0.000, 0.000, 0.000, 0.000, 0.000, 0.000, 106.304, 0.000, 0.000, 0.000, 0.000, 0.000, 4.919, 0.000, 0.000, 0.000, 0.000, 27.803, 0.012
0.940, 0.011, 0.000, 0.000, 0.000, 0.000, 0.000, 0.000, 94.541, 0.000, 0.000, 0.000, 0.000, 0.000, 4.312, 0.000, 0.000, 0.000, 0.000, 27.370, 0.012
1.003, 0.011, 0.000, 0.000, 0.000, 0.000, 0.000, 0.000, 95.212, 0.000, 0.000, 0.000, 0.000, 0.000, 4.345, 0.000, 0.000, 0.000, 0.000, 26.948, 0.012
0.973, 0.011, 0.000, 0.000, 0.000, 0.000, 0.000, 0.000, 96.022, 0.000, 0.000, 0.000, 0.000, 0.000, 4.352, 0.000, 0.000, 0.000, 0.000, 26.810, 0.027
1.036, 0.011, 0.000, 0.000, 0.000, 0.000, 0.000, 0.000, 96.813, 0.000, 0.000, 0.000, 0.000, 0.000, 4.437, 0.000, 0.000, 0.000, 0.000, 26.719, 0.011
0.973, 0.011, 0.000, 0.000, 0.000, 0.000, 0.000, 0.000, 98.066, 0.000, 0.000, 0.000, 0.000, 0.000, 4.440, 0.000, 0.000, 0.000, 0.000, 26.852, 0.012
Running benchmark for /home/pei/Project/benchmarks/imdb_job-postgres/queries/6a.sql...
8.344, 0.000, 0.000, 0.000, 0.000, 0.013, 0.041, 0.000, 11.110, 0.027, 0.025, 0.919, 0.035, 0.287, 0.981, 0.023, 0.019, 0.009, 0.000, 13.358, 0.013
3.503, 0.014, 0.000, 0.000, 0.000, 0.000, 0.000, 0.000, 6.272, 0.000, 0.000, 0.000, 0.000, 0.000, 0.796, 0.000, 0.000, 0.000, 0.000, 10.956, 0.012
3.572, 0.013, 0.000, 0.000, 0.000, 0.000, 0.000, 0.000, 6.225, 0.000, 0.000, 0.000, 0.000, 0.000, 0.881, 0.000, 0.000, 0.000, 0.000, 11.229, 0.013
3.521, 0.013, 0.000, 0.000, 0.000, 0.000, 0.000, 0.000, 6.370, 0.000, 0.000, 0.000, 0.000, 0.000, 0.803, 0.000, 0.000, 0.000, 0.000, 11.075, 0.012
3.575, 0.013, 0.000, 0.000, 0.000, 0.000, 0.000, 0.000, 6.345, 0.000, 0.000, 0.000, 0.000, 0.000, 0.799, 0.000, 0.000, 0.000, 0.000, 10.771, 0.012
3.599, 0.013, 0.000, 0.000, 0.000, 0.000, 0.000, 0.000, 6.358, 0.000, 0.000, 0.000, 0.000, 0.000, 0.822, 0.000, 0.000, 0.000, 0.000, 10.598, 0.039
3.533, 0.013, 0.000, 0.000, 0.000, 0.000, 0.000, 0.000, 6.220, 0.000, 0.000, 0.000, 0.000, 0.000, 0.811, 0.000, 0.000, 0.000, 0.000, 10.879, 0.012
3.502, 0.013, 0.000, 0.000, 0.000, 0.000, 0.000, 0.000, 6.234, 0.000, 0.000, 0.000, 0.000, 0.000, 0.857, 0.000, 0.000, 0.000, 0.000, 10.958, 0.011
Running benchmark for /home/pei/Project/benchmarks/imdb_job-postgres/queries/6b.sql...
4.874, 0.000, 0.000, 0.000, 0.000, 0.010, 0.021, 0.000, 125.057, 0.038, 0.030, 0.009, 0.000, 2.391, 0.011
4.739, 0.014, 0.000, 0.000, 0.000, 0.000, 0.000, 0.000, 123.491, 0.000, 0.000, 0.000, 0.000, 2.380, 0.011
4.793, 0.013, 0.000, 0.000, 0.000, 0.000, 0.000, 0.000, 124.552, 0.000, 0.000, 0.000, 0.000, 2.375, 0.011
4.750, 0.013, 0.000, 0.000, 0.000, 0.000, 0.000, 0.000, 122.332, 0.000, 0.000, 0.000, 0.000, 2.384, 0.012
4.730, 0.014, 0.000, 0.000, 0.000, 0.000, 0.000, 0.000, 121.414, 0.000, 0.000, 0.000, 0.000, 2.365, 0.012
4.779, 0.013, 0.000, 0.000, 0.000, 0.000, 0.000, 0.000, 124.716, 0.000, 0.000, 0.000, 0.000, 2.388, 0.012
4.768, 0.013, 0.000, 0.000, 0.000, 0.000, 0.000, 0.000, 120.733, 0.000, 0.000, 0.000, 0.000, 2.358, 0.012
4.706, 0.014, 0.000, 0.000, 0.000, 0.000, 0.000, 0.000, 121.338, 0.000, 0.000, 0.000, 0.000, 2.400, 0.012
Running benchmark for /home/pei/Project/benchmarks/imdb_job-postgres/queries/6c.sql...
2.532, 0.000, 0.000, 0.000, 0.000, 0.006, 0.016, 0.000, 5.696, 0.015, 0.017, 0.582, 0.021, 0.193, 0.658, 0.015, 0.013, 0.006, 0.000, 0.410, 0.008
2.620, 0.013, 0.000, 0.000, 0.000, 0.000, 0.000, 0.000, 5.944, 0.000, 0.000, 0.000, 0.000, 0.000, 0.813, 0.000, 0.000, 0.000, 0.000, 0.427, 0.012
2.545, 0.013, 0.000, 0.000, 0.000, 0.000, 0.000, 0.000, 6.011, 0.000, 0.000, 0.000, 0.000, 0.000, 0.758, 0.000, 0.000, 0.000, 0.000, 0.424, 0.011
2.553, 0.013, 0.000, 0.000, 0.000, 0.000, 0.000, 0.000, 5.961, 0.000, 0.000, 0.000, 0.000, 0.000, 0.747, 0.000, 0.000, 0.000, 0.000, 0.383, 0.011
2.526, 0.014, 0.000, 0.000, 0.000, 0.000, 0.000, 0.000, 5.875, 0.000, 0.000, 0.000, 0.000, 0.000, 0.861, 0.000, 0.000, 0.000, 0.000, 0.424, 0.012
2.535, 0.013, 0.000, 0.000, 0.000, 0.000, 0.000, 0.000, 5.838, 0.000, 0.000, 0.000, 0.000, 0.000, 0.830, 0.000, 0.000, 0.000, 0.000, 0.424, 0.011
2.529, 0.014, 0.000, 0.000, 0.000, 0.000, 0.000, 0.000, 6.012, 0.000, 0.000, 0.000, 0.000, 0.000, 0.871, 0.000, 0.000, 0.000, 0.000, 0.425, 0.011
2.573, 0.013, 0.000, 0.000, 0.000, 0.000, 0.000, 0.000, 5.800, 0.000, 0.000, 0.000, 0.000, 0.000, 0.765, 0.000, 0.000, 0.000, 0.000, 0.413, 0.011
Running benchmark for /home/pei/Project/benchmarks/imdb_job-postgres/queries/6d.sql...
4.640, 0.000, 0.000, 0.000, 0.000, 0.009, 0.022, 0.000, 109.037, 0.038, 0.030, 0.009, 0.000, 130.554, 0.013
4.414, 0.015, 0.000, 0.000, 0.000, 0.000, 0.000, 0.000, 108.131, 0.000, 0.000, 0.000, 0.000, 131.461, 0.012
4.349, 0.014, 0.000, 0.000, 0.000, 0.000, 0.000, 0.000, 110.525, 0.000, 0.000, 0.000, 0.000, 132.798, 0.027
4.394, 0.013, 0.000, 0.000, 0.000, 0.000, 0.000, 0.000, 107.433, 0.000, 0.000, 0.000, 0.000, 125.050, 0.012
4.370, 0.014, 0.000, 0.000, 0.000, 0.000, 0.000, 0.000, 108.860, 0.000, 0.000, 0.000, 0.000, 140.648, 0.011
4.295, 0.014, 0.000, 0.000, 0.000, 0.000, 0.000, 0.000, 109.572, 0.000, 0.000, 0.000, 0.000, 145.526, 0.011
4.338, 0.014, 0.000, 0.000, 0.000, 0.000, 0.000, 0.000, 107.795, 0.000, 0.000, 0.000, 0.000, 137.326, 0.011
4.287, 0.013, 0.000, 0.000, 0.000, 0.000, 0.000, 0.000, 108.392, 0.000, 0.000, 0.000, 0.000, 143.373, 0.024
Running benchmark for /home/pei/Project/benchmarks/imdb_job-postgres/queries/6e.sql...
2.670, 0.000, 0.000, 0.000, 0.000, 0.006, 0.017, 0.000, 5.841, 0.016, 0.016, 0.573, 0.020, 0.199, 0.739, 0.016, 0.013, 0.007, 0.000, 3.098, 0.010
2.664, 0.015, 0.000, 0.000, 0.000, 0.000, 0.000, 0.000, 6.009, 0.000, 0.000, 0.000, 0.000, 0.000, 0.825, 0.000, 0.000, 0.000, 0.000, 3.238, 0.011
2.683, 0.013, 0.000, 0.000, 0.000, 0.000, 0.000, 0.000, 5.970, 0.000, 0.000, 0.000, 0.000, 0.000, 0.827, 0.000, 0.000, 0.000, 0.000, 3.266, 0.011
2.631, 0.013, 0.000, 0.000, 0.000, 0.000, 0.000, 0.000, 6.076, 0.000, 0.000, 0.000, 0.000, 0.000, 0.810, 0.000, 0.000, 0.000, 0.000, 3.273, 0.012
2.823, 0.013, 0.000, 0.000, 0.000, 0.000, 0.000, 0.000, 6.166, 0.000, 0.000, 0.000, 0.000, 0.000, 0.804, 0.000, 0.000, 0.000, 0.000, 3.275, 0.025
2.699, 0.014, 0.000, 0.000, 0.000, 0.000, 0.000, 0.000, 5.953, 0.000, 0.000, 0.000, 0.000, 0.000, 0.824, 0.000, 0.000, 0.000, 0.000, 3.207, 0.010
2.676, 0.013, 0.000, 0.000, 0.000, 0.000, 0.000, 0.000, 6.001, 0.000, 0.000, 0.000, 0.000, 0.000, 0.805, 0.000, 0.000, 0.000, 0.000, 3.216, 0.010
2.687, 0.013, 0.000, 0.000, 0.000, 0.000, 0.000, 0.000, 6.024, 0.000, 0.000, 0.000, 0.000, 0.000, 0.849, 0.000, 0.000, 0.000, 0.000, 3.156, 0.024
Running benchmark for /home/pei/Project/benchmarks/imdb_job-postgres/queries/6f.sql...
4.486, 0.000, 0.000, 0.000, 0.000, 0.012, 0.024, 0.000, 110.059, 0.035, 0.028, 0.008, 0.000, 3104.392, 0.027
4.430, 0.015, 0.000, 0.000, 0.000, 0.000, 0.000, 0.000, 111.044, 0.000, 0.000, 0.000, 0.000, 2931.268, 0.040
4.471, 0.013, 0.000, 0.000, 0.000, 0.000, 0.000, 0.000, 110.668, 0.000, 0.000, 0.000, 0.000, 2895.638, 0.025
4.440, 0.014, 0.000, 0.000, 0.000, 0.000, 0.000, 0.000, 108.609, 0.000, 0.000, 0.000, 0.000, 2957.562, 0.012
4.525, 0.013, 0.000, 0.000, 0.000, 0.000, 0.000, 0.000, 110.471, 0.000, 0.000, 0.000, 0.000, 2906.149, 0.025
4.378, 0.014, 0.000, 0.000, 0.000, 0.000, 0.000, 0.000, 109.117, 0.000, 0.000, 0.000, 0.000, 2890.834, 0.030
4.406, 0.013, 0.000, 0.000, 0.000, 0.000, 0.000, 0.000, 107.065, 0.000, 0.000, 0.000, 0.000, 3079.032, 0.040
4.441, 0.015, 0.000, 0.000, 0.000, 0.000, 0.000, 0.000, 107.431, 0.000, 0.000, 0.000, 0.000, 2946.499, 0.025
Running benchmark for /home/pei/Project/benchmarks/imdb_job-postgres/queries/7a.sql...
2.859, 0.000, 0.000, 0.000, 0.000, 0.007, 0.016, 0.000, 2637.465, 0.035, 0.037, 0.684, 0.022, 0.200, 0.581, 0.016, 0.018, 0.824, 0.028, 0.183, 1.126, 0.017, 0.017, 0.658, 0.021, 0.159, 43.806, 0.035, 0.027, 0.008, 0.000, 42.281, 0.014
3.685, 0.015, 0.000, 0.000, 0.000, 0.000, 0.000, 0.000, 76.552, 0.000, 0.000, 0.000, 0.000, 0.000, 0.723, 0.000, 0.000, 0.000, 0.000, 0.000, 1.309, 0.000, 0.000, 0.000, 0.000, 0.000, 27.132, 0.000, 0.000, 0.000, 0.000, 1.334, 0.011
2.941, 0.013, 0.000, 0.000, 0.000, 0.000, 0.000, 0.000, 74.988, 0.000, 0.000, 0.000, 0.000, 0.000, 0.770, 0.000, 0.000, 0.000, 0.000, 0.000, 1.239, 0.000, 0.000, 0.000, 0.000, 0.000, 27.135, 0.000, 0.000, 0.000, 0.000, 1.290, 0.011
2.901, 0.014, 0.000, 0.000, 0.000, 0.000, 0.000, 0.000, 76.045, 0.000, 0.000, 0.000, 0.000, 0.000, 0.780, 0.000, 0.000, 0.000, 0.000, 0.000, 1.233, 0.000, 0.000, 0.000, 0.000, 0.000, 27.173, 0.000, 0.000, 0.000, 0.000, 1.301, 0.012
2.913, 0.013, 0.000, 0.000, 0.000, 0.000, 0.000, 0.000, 86.407, 0.000, 0.000, 0.000, 0.000, 0.000, 0.748, 0.000, 0.000, 0.000, 0.000, 0.000, 1.288, 0.000, 0.000, 0.000, 0.000, 0.000, 26.601, 0.000, 0.000, 0.000, 0.000, 1.259, 0.024
2.816, 0.013, 0.000, 0.000, 0.000, 0.000, 0.000, 0.000, 77.666, 0.000, 0.000, 0.000, 0.000, 0.000, 0.779, 0.000, 0.000, 0.000, 0.000, 0.000, 1.373, 0.000, 0.000, 0.000, 0.000, 0.000, 27.051, 0.000, 0.000, 0.000, 0.000, 1.277, 0.011
3.463, 0.013, 0.000, 0.000, 0.000, 0.000, 0.000, 0.000, 70.819, 0.000, 0.000, 0.000, 0.000, 0.000, 0.686, 0.000, 0.000, 0.000, 0.000, 0.000, 1.239, 0.000, 0.000, 0.000, 0.000, 0.000, 27.096, 0.000, 0.000, 0.000, 0.000, 1.305, 0.011
2.870, 0.013, 0.000, 0.000, 0.000, 0.000, 0.000, 0.000, 69.982, 0.000, 0.000, 0.000, 0.000, 0.000, 0.679, 0.000, 0.000, 0.000, 0.000, 0.000, 1.236, 0.000, 0.000, 0.000, 0.000, 0.000, 26.811, 0.000, 0.000, 0.000, 0.000, 1.326, 0.042
Running benchmark for /home/pei/Project/benchmarks/imdb_job-postgres/queries/7b.sql...
6.906, 0.000, 0.000, 0.000, 0.000, 0.010, 0.023, 0.000, 82.106, 0.037, 0.036, 0.699, 0.021, 0.207, 0.550, 0.016, 0.018, 0.603, 0.022, 0.134, 0.838, 0.016, 0.016, 0.569, 0.020, 0.158, 9.957, 0.023, 0.020, 0.007, 0.000, 0.414, 0.008
6.205, 0.015, 0.000, 0.000, 0.000, 0.000, 0.000, 0.000, 85.232, 0.000, 0.000, 0.000, 0.000, 0.000, 0.696, 0.000, 0.000, 0.000, 0.000, 0.000, 0.970, 0.000, 0.000, 0.000, 0.000, 0.000, 10.162, 0.000, 0.000, 0.000, 0.000, 0.397, 0.011
6.294, 0.014, 0.000, 0.000, 0.000, 0.000, 0.000, 0.000, 75.971, 0.000, 0.000, 0.000, 0.000, 0.000, 0.679, 0.000, 0.000, 0.000, 0.000, 0.000, 0.995, 0.000, 0.000, 0.000, 0.000, 0.000, 10.177, 0.000, 0.000, 0.000, 0.000, 0.419, 0.011
6.283, 0.014, 0.000, 0.000, 0.000, 0.000, 0.000, 0.000, 85.910, 0.000, 0.000, 0.000, 0.000, 0.000, 0.713, 0.000, 0.000, 0.000, 0.000, 0.000, 1.018, 0.000, 0.000, 0.000, 0.000, 0.000, 10.414, 0.000, 0.000, 0.000, 0.000, 0.424, 0.013
6.355, 0.013, 0.000, 0.000, 0.000, 0.000, 0.000, 0.000, 74.323, 0.000, 0.000, 0.000, 0.000, 0.000, 0.743, 0.000, 0.000, 0.000, 0.000, 0.000, 0.989, 0.000, 0.000, 0.000, 0.000, 0.000, 10.077, 0.000, 0.000, 0.000, 0.000, 0.424, 0.011
6.285, 0.014, 0.000, 0.000, 0.000, 0.000, 0.000, 0.000, 75.054, 0.000, 0.000, 0.000, 0.000, 0.000, 0.677, 0.000, 0.000, 0.000, 0.000, 0.000, 0.940, 0.000, 0.000, 0.000, 0.000, 0.000, 10.103, 0.000, 0.000, 0.000, 0.000, 0.384, 0.026
6.219, 0.013, 0.000, 0.000, 0.000, 0.000, 0.000, 0.000, 72.167, 0.000, 0.000, 0.000, 0.000, 0.000, 0.730, 0.000, 0.000, 0.000, 0.000, 0.000, 0.949, 0.000, 0.000, 0.000, 0.000, 0.000, 10.259, 0.000, 0.000, 0.000, 0.000, 0.416, 0.013
6.165, 0.013, 0.000, 0.000, 0.000, 0.000, 0.000, 0.000, 75.605, 0.000, 0.000, 0.000, 0.000, 0.000, 0.674, 0.000, 0.000, 0.000, 0.000, 0.000, 0.942, 0.000, 0.000, 0.000, 0.000, 0.000, 10.055, 0.000, 0.000, 0.000, 0.000, 0.414, 0.026
Running benchmark for /home/pei/Project/benchmarks/imdb_job-postgres/queries/7c.sql...
5.992, 0.000, 0.000, 0.000, 0.000, 0.009, 0.019, 0.000, 698.384, 0.040, 0.047, 0.752, 0.021, 0.217, 285.465, 0.040, 0.033, 1.810, 0.038, 0.211, 238.387, 0.038, 0.031, 0.769, 0.047, 0.237, 68.276, 0.038, 0.025, 0.008, 0.000, 1143.914, 0.027
6.010, 0.015, 0.000, 0.000, 0.000, 0.000, 0.000, 0.000, 386.758, 0.000, 0.000, 0.000, 0.000, 0.000, 287.778, 0.000, 0.000, 0.000, 0.000, 0.000, 241.278, 0.000, 0.000, 0.000, 0.000, 0.000, 68.913, 0.000, 0.000, 0.000, 0.000, 1032.736, 0.040
6.187, 0.013, 0.000, 0.000, 0.000, 0.000, 0.000, 0.000, 375.229, 0.000, 0.000, 0.000, 0.000, 0.000, 284.256, 0.000, 0.000, 0.000, 0.000, 0.000, 238.807, 0.000, 0.000, 0.000, 0.000, 0.000, 67.852, 0.000, 0.000, 0.000, 0.000, 1033.354, 0.041
6.079, 0.013, 0.000, 0.000, 0.000, 0.000, 0.000, 0.000, 376.404, 0.000, 0.000, 0.000, 0.000, 0.000, 288.460, 0.000, 0.000, 0.000, 0.000, 0.000, 241.068, 0.000, 0.000, 0.000, 0.000, 0.000, 69.658, 0.000, 0.000, 0.000, 0.000, 1042.271, 0.041
6.101, 0.013, 0.000, 0.000, 0.000, 0.000, 0.000, 0.000, 383.372, 0.000, 0.000, 0.000, 0.000, 0.000, 287.346, 0.000, 0.000, 0.000, 0.000, 0.000, 237.918, 0.000, 0.000, 0.000, 0.000, 0.000, 68.511, 0.000, 0.000, 0.000, 0.000, 1034.565, 0.025
6.048, 0.014, 0.000, 0.000, 0.000, 0.000, 0.000, 0.000, 380.203, 0.000, 0.000, 0.000, 0.000, 0.000, 287.871, 0.000, 0.000, 0.000, 0.000, 0.000, 241.585, 0.000, 0.000, 0.000, 0.000, 0.000, 68.867, 0.000, 0.000, 0.000, 0.000, 1056.132, 0.028
6.024, 0.014, 0.000, 0.000, 0.000, 0.000, 0.000, 0.000, 376.797, 0.000, 0.000, 0.000, 0.000, 0.000, 285.858, 0.000, 0.000, 0.000, 0.000, 0.000, 237.861, 0.000, 0.000, 0.000, 0.000, 0.000, 67.500, 0.000, 0.000, 0.000, 0.000, 1035.774, 0.025
6.059, 0.014, 0.000, 0.000, 0.000, 0.000, 0.000, 0.000, 374.116, 0.000, 0.000, 0.000, 0.000, 0.000, 284.845, 0.000, 0.000, 0.000, 0.000, 0.000, 238.420, 0.000, 0.000, 0.000, 0.000, 0.000, 67.284, 0.000, 0.000, 0.000, 0.000, 1034.071, 0.041
Running benchmark for /home/pei/Project/benchmarks/imdb_job-postgres/queries/8a.sql...
19.013, 0.000, 0.000, 0.000, 0.000, 0.007, 0.017, 0.000, 641.858, 0.038, 0.031, 0.347, 0.032, 0.221, 121.216, 0.037, 0.028, 0.667, 0.025, 0.240, 10.439, 0.016, 0.017, 0.312, 0.019, 0.116, 25.413, 0.031, 0.024, 0.399, 0.020, 0.160, 5.841, 0.019, 0.014, 0.005, 0.000, 0.429, 0.008
19.264, 0.014, 0.000, 0.000, 0.000, 0.000, 0.000, 0.000, 644.093, 0.000, 0.000, 0.000, 0.000, 0.000, 117.190, 0.000, 0.000, 0.000, 0.000, 0.000, 10.539, 0.000, 0.000, 0.000, 0.000, 0.000, 25.359, 0.000, 0.000, 0.000, 0.000, 0.000, 6.020, 0.000, 0.000, 0.000, 0.000, 0.438, 0.012
19.222, 0.013, 0.000, 0.000, 0.000, 0.000, 0.000, 0.000, 654.363, 0.000, 0.000, 0.000, 0.000, 0.000, 115.953, 0.000, 0.000, 0.000, 0.000, 0.000, 10.271, 0.000, 0.000, 0.000, 0.000, 0.000, 25.386, 0.000, 0.000, 0.000, 0.000, 0.000, 5.965, 0.000, 0.000, 0.000, 0.000, 0.433, 0.011
19.469, 0.013, 0.000, 0.000, 0.000, 0.000, 0.000, 0.000, 643.664, 0.000, 0.000, 0.000, 0.000, 0.000, 118.457, 0.000, 0.000, 0.000, 0.000, 0.000, 10.610, 0.000, 0.000, 0.000, 0.000, 0.000, 25.343, 0.000, 0.000, 0.000, 0.000, 0.000, 5.997, 0.000, 0.000, 0.000, 0.000, 0.430, 0.011
19.250, 0.013, 0.000, 0.000, 0.000, 0.000, 0.000, 0.000, 650.097, 0.000, 0.000, 0.000, 0.000, 0.000, 109.785, 0.000, 0.000, 0.000, 0.000, 0.000, 10.067, 0.000, 0.000, 0.000, 0.000, 0.000, 25.234, 0.000, 0.000, 0.000, 0.000, 0.000, 5.942, 0.000, 0.000, 0.000, 0.000, 0.431, 0.011
19.304, 0.013, 0.000, 0.000, 0.000, 0.000, 0.000, 0.000, 645.234, 0.000, 0.000, 0.000, 0.000, 0.000, 112.849, 0.000, 0.000, 0.000, 0.000, 0.000, 10.458, 0.000, 0.000, 0.000, 0.000, 0.000, 25.276, 0.000, 0.000, 0.000, 0.000, 0.000, 6.041, 0.000, 0.000, 0.000, 0.000, 0.415, 0.013
19.025, 0.014, 0.000, 0.000, 0.000, 0.000, 0.000, 0.000, 642.249, 0.000, 0.000, 0.000, 0.000, 0.000, 116.688, 0.000, 0.000, 0.000, 0.000, 0.000, 10.273, 0.000, 0.000, 0.000, 0.000, 0.000, 25.030, 0.000, 0.000, 0.000, 0.000, 0.000, 6.005, 0.000, 0.000, 0.000, 0.000, 0.421, 0.013
19.089, 0.014, 0.000, 0.000, 0.000, 0.000, 0.000, 0.000, 640.608, 0.000, 0.000, 0.000, 0.000, 0.000, 110.491, 0.000, 0.000, 0.000, 0.000, 0.000, 10.546, 0.000, 0.000, 0.000, 0.000, 0.000, 25.233, 0.000, 0.000, 0.000, 0.000, 0.000, 5.956, 0.000, 0.000, 0.000, 0.000, 0.425, 0.012
Running benchmark for /home/pei/Project/benchmarks/imdb_job-postgres/queries/8b.sql...
7.151, 0.000, 0.000, 0.000, 0.000, 0.006, 0.018, 0.000, 632.714, 0.037, 0.034, 0.344, 0.033, 0.240, 85.243, 0.037, 0.030, 0.669, 0.021, 0.131, 4.122, 0.015, 0.016, 0.306, 0.019, 0.110, 4.848, 0.020, 0.020, 0.396, 0.020, 0.149, 1.898, 0.016, 0.012, 0.006, 0.000, 0.304, 0.008
7.117, 0.014, 0.000, 0.000, 0.000, 0.000, 0.000, 0.000, 636.829, 0.000, 0.000, 0.000, 0.000, 0.000, 90.720, 0.000, 0.000, 0.000, 0.000, 0.000, 4.333, 0.000, 0.000, 0.000, 0.000, 0.000, 5.008, 0.000, 0.000, 0.000, 0.000, 0.000, 2.075, 0.000, 0.000, 0.000, 0.000, 0.297, 0.012
7.051, 0.013, 0.000, 0.000, 0.000, 0.000, 0.000, 0.000, 876.804, 0.000, 0.000, 0.000, 0.000, 0.000, 87.738, 0.000, 0.000, 0.000, 0.000, 0.000, 4.183, 0.000, 0.000, 0.000, 0.000, 0.000, 322.282, 0.000, 0.000, 0.000, 0.000, 0.000, 4.510, 0.000, 0.000, 0.000, 0.000, 0.517, 0.019
7.201, 0.014, 0.000, 0.000, 0.000, 0.000, 0.000, 0.000, 636.452, 0.000, 0.000, 0.000, 0.000, 0.000, 86.148, 0.000, 0.000, 0.000, 0.000, 0.000, 4.411, 0.000, 0.000, 0.000, 0.000, 0.000, 5.064, 0.000, 0.000, 0.000, 0.000, 0.000, 2.194, 0.000, 0.000, 0.000, 0.000, 0.291, 0.011
7.017, 0.013, 0.000, 0.000, 0.000, 0.000, 0.000, 0.000, 631.173, 0.000, 0.000, 0.000, 0.000, 0.000, 86.384, 0.000, 0.000, 0.000, 0.000, 0.000, 4.385, 0.000, 0.000, 0.000, 0.000, 0.000, 5.001, 0.000, 0.000, 0.000, 0.000, 0.000, 2.065, 0.000, 0.000, 0.000, 0.000, 0.290, 0.011
6.996, 0.013, 0.000, 0.000, 0.000, 0.000, 0.000, 0.000, 633.310, 0.000, 0.000, 0.000, 0.000, 0.000, 91.682, 0.000, 0.000, 0.000, 0.000, 0.000, 4.361, 0.000, 0.000, 0.000, 0.000, 0.000, 5.022, 0.000, 0.000, 0.000, 0.000, 0.000, 2.079, 0.000, 0.000, 0.000, 0.000, 0.284, 0.011
7.203, 0.013, 0.000, 0.000, 0.000, 0.000, 0.000, 0.000, 628.879, 0.000, 0.000, 0.000, 0.000, 0.000, 89.664, 0.000, 0.000, 0.000, 0.000, 0.000, 4.248, 0.000, 0.000, 0.000, 0.000, 0.000, 4.922, 0.000, 0.000, 0.000, 0.000, 0.000, 2.129, 0.000, 0.000, 0.000, 0.000, 0.293, 0.012
7.026, 0.014, 0.000, 0.000, 0.000, 0.000, 0.000, 0.000, 632.809, 0.000, 0.000, 0.000, 0.000, 0.000, 92.775, 0.000, 0.000, 0.000, 0.000, 0.000, 4.392, 0.000, 0.000, 0.000, 0.000, 0.000, 5.124, 0.000, 0.000, 0.000, 0.000, 0.000, 2.114, 0.000, 0.000, 0.000, 0.000, 0.293, 0.012
Running benchmark for /home/pei/Project/benchmarks/imdb_job-postgres/queries/8c.sql...
7.045, 0.000, 0.000, 0.000, 0.000, 0.005, 0.016, 0.000, 379.475, 0.037, 0.027, 0.010, 0.000, 2948.994, 0.012
6.942, 0.015, 0.000, 0.000, 0.000, 0.000, 0.000, 0.000, 375.216, 0.000, 0.000, 0.000, 0.000, 2928.626, 0.032
9.726, 0.017, 0.000, 0.000, 0.000, 0.000, 0.000, 0.000, 372.067, 0.000, 0.000, 0.000, 0.000, 2913.665, 0.011
7.064, 0.014, 0.000, 0.000, 0.000, 0.000, 0.000, 0.000, 373.862, 0.000, 0.000, 0.000, 0.000, 2945.418, 0.011
6.994, 0.013, 0.000, 0.000, 0.000, 0.000, 0.000, 0.000, 373.333, 0.000, 0.000, 0.000, 0.000, 2920.467, 0.010
6.939, 0.013, 0.000, 0.000, 0.000, 0.000, 0.000, 0.000, 375.708, 0.000, 0.000, 0.000, 0.000, 2921.622, 0.011
7.075, 0.013, 0.000, 0.000, 0.000, 0.000, 0.000, 0.000, 374.154, 0.000, 0.000, 0.000, 0.000, 2892.747, 0.011
6.863, 0.013, 0.000, 0.000, 0.000, 0.000, 0.000, 0.000, 374.538, 0.000, 0.000, 0.000, 0.000, 2912.666, 0.012
Running benchmark for /home/pei/Project/benchmarks/imdb_job-postgres/queries/8d.sql...
1.588, 0.000, 0.000, 0.000, 0.000, 0.005, 0.015, 0.000, 366.451, 0.036, 0.029, 0.010, 0.000, 758.076, 0.014
1.604, 0.012, 0.000, 0.000, 0.000, 0.000, 0.000, 0.000, 371.566, 0.000, 0.000, 0.000, 0.000, 713.986, 0.014
1.578, 0.012, 0.000, 0.000, 0.000, 0.000, 0.000, 0.000, 365.827, 0.000, 0.000, 0.000, 0.000, 716.345, 0.012
1.612, 0.011, 0.000, 0.000, 0.000, 0.000, 0.000, 0.000, 366.905, 0.000, 0.000, 0.000, 0.000, 718.505, 0.012
1.613, 0.012, 0.000, 0.000, 0.000, 0.000, 0.000, 0.000, 370.377, 0.000, 0.000, 0.000, 0.000, 718.289, 0.025
1.657, 0.012, 0.000, 0.000, 0.000, 0.000, 0.000, 0.000, 618.484, 0.000, 0.000, 0.000, 0.000, 736.554, 0.011
1.632, 0.012, 0.000, 0.000, 0.000, 0.000, 0.000, 0.000, 366.324, 0.000, 0.000, 0.000, 0.000, 719.136, 0.011
1.678, 0.012, 0.000, 0.000, 0.000, 0.000, 0.000, 0.000, 365.932, 0.000, 0.000, 0.000, 0.000, 710.554, 0.012
Running benchmark for /home/pei/Project/benchmarks/imdb_job-postgres/queries/9a.sql...
1.507, 0.000, 0.000, 0.000, 0.000, 0.006, 0.017, 0.000, 175.733, 0.036, 0.035, 0.373, 0.019, 0.279, 803.323, 0.038, 0.030, 0.680, 0.044, 0.198, 473.106, 0.037, 0.033, 0.443, 0.019, 0.146, 20.096, 0.034, 0.021, 0.008, 0.000, 0.641, 0.023
1.500, 0.013, 0.000, 0.000, 0.000, 0.000, 0.000, 0.000, 178.920, 0.000, 0.000, 0.000, 0.000, 0.000, 806.895, 0.000, 0.000, 0.000, 0.000, 0.000, 469.144, 0.000, 0.000, 0.000, 0.000, 0.000, 20.688, 0.000, 0.000, 0.000, 0.000, 0.563, 0.025
1.544, 0.012, 0.000, 0.000, 0.000, 0.000, 0.000, 0.000, 186.126, 0.000, 0.000, 0.000, 0.000, 0.000, 805.577, 0.000, 0.000, 0.000, 0.000, 0.000, 481.333, 0.000, 0.000, 0.000, 0.000, 0.000, 20.879, 0.000, 0.000, 0.000, 0.000, 0.565, 0.040
1.578, 0.011, 0.000, 0.000, 0.000, 0.000, 0.000, 0.000, 177.183, 0.000, 0.000, 0.000, 0.000, 0.000, 801.901, 0.000, 0.000, 0.000, 0.000, 0.000, 473.179, 0.000, 0.000, 0.000, 0.000, 0.000, 20.393, 0.000, 0.000, 0.000, 0.000, 0.542, 0.011
1.644, 0.012, 0.000, 0.000, 0.000, 0.000, 0.000, 0.000, 176.617, 0.000, 0.000, 0.000, 0.000, 0.000, 803.767, 0.000, 0.000, 0.000, 0.000, 0.000, 469.628, 0.000, 0.000, 0.000, 0.000, 0.000, 20.506, 0.000, 0.000, 0.000, 0.000, 0.570, 0.024
1.646, 0.012, 0.000, 0.000, 0.000, 0.000, 0.000, 0.000, 175.074, 0.000, 0.000, 0.000, 0.000, 0.000, 799.859, 0.000, 0.000, 0.000, 0.000, 0.000, 467.500, 0.000, 0.000, 0.000, 0.000, 0.000, 20.857, 0.000, 0.000, 0.000, 0.000, 0.550, 0.024
1.591, 0.012, 0.000, 0.000, 0.000, 0.000, 0.000, 0.000, 176.321, 0.000, 0.000, 0.000, 0.000, 0.000, 813.722, 0.000, 0.000, 0.000, 0.000, 0.000, 472.384, 0.000, 0.000, 0.000, 0.000, 0.000, 20.676, 0.000, 0.000, 0.000, 0.000, 0.559, 0.025
1.594, 0.012, 0.000, 0.000, 0.000, 0.000, 0.000, 0.000, 175.090, 0.000, 0.000, 0.000, 0.000, 0.000, 802.094, 0.000, 0.000, 0.000, 0.000, 0.000, 461.790, 0.000, 0.000, 0.000, 0.000, 0.000, 20.294, 0.000, 0.000, 0.000, 0.000, 0.532, 0.011
Running benchmark for /home/pei/Project/benchmarks/imdb_job-postgres/queries/9b.sql...
6.897, 0.000, 0.000, 0.000, 0.000, 0.008, 0.017, 0.000, 688.937, 0.036, 0.036, 0.359, 0.033, 0.231, 139.199, 0.037, 0.030, 0.677, 0.021, 0.132, 48.151, 0.032, 0.029, 0.397, 0.035, 0.139, 73.522, 0.032, 0.030, 0.458, 0.035, 0.160, 55.963, 0.036, 0.027, 0.441, 0.034, 0.159, 8.783, 0.040, 0.021, 0.009, 0.000, 0.447, 0.011
6.977, 0.014, 0.000, 0.000, 0.000, 0.000, 0.000, 0.000, 688.128, 0.000, 0.000, 0.000, 0.000, 0.000, 134.952, 0.000, 0.000, 0.000, 0.000, 0.000, 50.346, 0.000, 0.000, 0.000, 0.000, 0.000, 72.661, 0.000, 0.000, 0.000, 0.000, 0.000, 56.228, 0.000, 0.000, 0.000, 0.000, 0.000, 9.136, 0.000, 0.000, 0.000, 0.000, 0.397, 0.026
6.963, 0.014, 0.000, 0.000, 0.000, 0.000, 0.000, 0.000, 690.259, 0.000, 0.000, 0.000, 0.000, 0.000, 134.286, 0.000, 0.000, 0.000, 0.000, 0.000, 50.856, 0.000, 0.000, 0.000, 0.000, 0.000, 74.809, 0.000, 0.000, 0.000, 0.000, 0.000, 57.106, 0.000, 0.000, 0.000, 0.000, 0.000, 9.095, 0.000, 0.000, 0.000, 0.000, 0.382, 0.012
6.939, 0.013, 0.000, 0.000, 0.000, 0.000, 0.000, 0.000, 688.254, 0.000, 0.000, 0.000, 0.000, 0.000, 137.079, 0.000, 0.000, 0.000, 0.000, 0.000, 49.759, 0.000, 0.000, 0.000, 0.000, 0.000, 75.641, 0.000, 0.000, 0.000, 0.000, 0.000, 56.141, 0.000, 0.000, 0.000, 0.000, 0.000, 8.961, 0.000, 0.000, 0.000, 0.000, 0.355, 0.028
7.008, 0.014, 0.000, 0.000, 0.000, 0.000, 0.000, 0.000, 688.942, 0.000, 0.000, 0.000, 0.000, 0.000, 135.116, 0.000, 0.000, 0.000, 0.000, 0.000, 49.712, 0.000, 0.000, 0.000, 0.000, 0.000, 76.142, 0.000, 0.000, 0.000, 0.000, 0.000, 56.684, 0.000, 0.000, 0.000, 0.000, 0.000, 9.087, 0.000, 0.000, 0.000, 0.000, 0.389, 0.024
6.961, 0.013, 0.000, 0.000, 0.000, 0.000, 0.000, 0.000, 688.161, 0.000, 0.000, 0.000, 0.000, 0.000, 133.878, 0.000, 0.000, 0.000, 0.000, 0.000, 47.879, 0.000, 0.000, 0.000, 0.000, 0.000, 73.361, 0.000, 0.000, 0.000, 0.000, 0.000, 55.516, 0.000, 0.000, 0.000, 0.000, 0.000, 8.861, 0.000, 0.000, 0.000, 0.000, 0.394, 0.026
6.969, 0.014, 0.000, 0.000, 0.000, 0.000, 0.000, 0.000, 686.643, 0.000, 0.000, 0.000, 0.000, 0.000, 151.248, 0.000, 0.000, 0.000, 0.000, 0.000, 48.182, 0.000, 0.000, 0.000, 0.000, 0.000, 74.533, 0.000, 0.000, 0.000, 0.000, 0.000, 56.330, 0.000, 0.000, 0.000, 0.000, 0.000, 8.949, 0.000, 0.000, 0.000, 0.000, 0.387, 0.024
6.831, 0.013, 0.000, 0.000, 0.000, 0.000, 0.000, 0.000, 690.218, 0.000, 0.000, 0.000, 0.000, 0.000, 132.093, 0.000, 0.000, 0.000, 0.000, 0.000, 50.333, 0.000, 0.000, 0.000, 0.000, 0.000, 75.178, 0.000, 0.000, 0.000, 0.000, 0.000, 55.999, 0.000, 0.000, 0.000, 0.000, 0.000, 8.992, 0.000, 0.000, 0.000, 0.000, 0.389, 0.027
Running benchmark for /home/pei/Project/benchmarks/imdb_job-postgres/queries/9c.sql...
12.443, 0.000, 0.000, 0.000, 0.000, 0.006, 0.017, 0.000, 370.293, 0.035, 0.033, 0.377, 0.020, 0.274, 800.570, 0.037, 0.033, 0.715, 0.028, 0.147, 426.795, 0.037, 0.032, 0.446, 0.035, 0.159, 99.732, 0.036, 0.025, 0.444, 0.034, 0.138, 21.185, 0.026, 0.020, 0.008, 0.000, 6.805, 0.038
9.409, 0.015, 0.000, 0.000, 0.000, 0.000, 0.000, 0.000, 370.774, 0.000, 0.000, 0.000, 0.000, 0.000, 799.578, 0.000, 0.000, 0.000, 0.000, 0.000, 425.624, 0.000, 0.000, 0.000, 0.000, 0.000, 101.163, 0.000, 0.000, 0.000, 0.000, 0.000, 21.044, 0.000, 0.000, 0.000, 0.000, 6.642, 0.026
9.417, 0.013, 0.000, 0.000, 0.000, 0.000, 0.000, 0.000, 368.775, 0.000, 0.000, 0.000, 0.000, 0.000, 801.791, 0.000, 0.000, 0.000, 0.000, 0.000, 375.046, 0.000, 0.000, 0.000, 0.000, 0.000, 100.002, 0.000, 0.000, 0.000, 0.000, 0.000, 21.562, 0.000, 0.000, 0.000, 0.000, 6.716, 0.012
9.386, 0.013, 0.000, 0.000, 0.000, 0.000, 0.000, 0.000, 368.416, 0.000, 0.000, 0.000, 0.000, 0.000, 801.341, 0.000, 0.000, 0.000, 0.000, 0.000, 424.458, 0.000, 0.000, 0.000, 0.000, 0.000, 100.676, 0.000, 0.000, 0.000, 0.000, 0.000, 21.260, 0.000, 0.000, 0.000, 0.000, 6.772, 0.027
9.670, 0.014, 0.000, 0.000, 0.000, 0.000, 0.000, 0.000, 370.095, 0.000, 0.000, 0.000, 0.000, 0.000, 805.348, 0.000, 0.000, 0.000, 0.000, 0.000, 426.255, 0.000, 0.000, 0.000, 0.000, 0.000, 100.847, 0.000, 0.000, 0.000, 0.000, 0.000, 21.520, 0.000, 0.000, 0.000, 0.000, 6.811, 0.011
9.500, 0.014, 0.000, 0.000, 0.000, 0.000, 0.000, 0.000, 371.364, 0.000, 0.000, 0.000, 0.000, 0.000, 800.670, 0.000, 0.000, 0.000, 0.000, 0.000, 424.869, 0.000, 0.000, 0.000, 0.000, 0.000, 99.898, 0.000, 0.000, 0.000, 0.000, 0.000, 21.156, 0.000, 0.000, 0.000, 0.000, 6.753, 0.024
9.480, 0.014, 0.000, 0.000, 0.000, 0.000, 0.000, 0.000, 370.230, 0.000, 0.000, 0.000, 0.000, 0.000, 804.265, 0.000, 0.000, 0.000, 0.000, 0.000, 422.053, 0.000, 0.000, 0.000, 0.000, 0.000, 99.661, 0.000, 0.000, 0.000, 0.000, 0.000, 20.773, 0.000, 0.000, 0.000, 0.000, 6.614, 0.027
9.443, 0.013, 0.000, 0.000, 0.000, 0.000, 0.000, 0.000, 380.840, 0.000, 0.000, 0.000, 0.000, 0.000, 807.904, 0.000, 0.000, 0.000, 0.000, 0.000, 425.119, 0.000, 0.000, 0.000, 0.000, 0.000, 100.611, 0.000, 0.000, 0.000, 0.000, 0.000, 21.131, 0.000, 0.000, 0.000, 0.000, 6.762, 0.040
Running benchmark for /home/pei/Project/benchmarks/imdb_job-postgres/queries/9d.sql...
9.940, 0.000, 0.000, 0.000, 0.000, 0.006, 0.017, 0.000, 378.430, 0.035, 0.033, 0.364, 0.019, 0.282, 802.022, 0.038, 0.031, 0.701, 0.025, 0.149, 423.872, 0.037, 0.030, 0.424, 0.035, 0.144, 255.475, 0.033, 0.026, 0.007, 0.000, 376.398, 0.027
9.760, 0.014, 0.000, 0.000, 0.000, 0.000, 0.000, 0.000, 377.456, 0.000, 0.000, 0.000, 0.000, 0.000, 1630.531, 0.000, 0.000, 0.000, 0.000, 0.000, 433.934, 0.000, 0.000, 0.000, 0.000, 0.000, 254.304, 0.000, 0.000, 0.000, 0.000, 373.250, 0.027
9.770, 0.013, 0.000, 0.000, 0.000, 0.000, 0.000, 0.000, 373.134, 0.000, 0.000, 0.000, 0.000, 0.000, 799.901, 0.000, 0.000, 0.000, 0.000, 0.000, 419.931, 0.000, 0.000, 0.000, 0.000, 0.000, 257.922, 0.000, 0.000, 0.000, 0.000, 374.338, 0.026
9.954, 0.013, 0.000, 0.000, 0.000, 0.000, 0.000, 0.000, 376.457, 0.000, 0.000, 0.000, 0.000, 0.000, 801.581, 0.000, 0.000, 0.000, 0.000, 0.000, 417.970, 0.000, 0.000, 0.000, 0.000, 0.000, 261.679, 0.000, 0.000, 0.000, 0.000, 373.409, 0.026
9.736, 0.013, 0.000, 0.000, 0.000, 0.000, 0.000, 0.000, 376.019, 0.000, 0.000, 0.000, 0.000, 0.000, 801.068, 0.000, 0.000, 0.000, 0.000, 0.000, 419.093, 0.000, 0.000, 0.000, 0.000, 0.000, 262.344, 0.000, 0.000, 0.000, 0.000, 374.788, 0.026
9.916, 0.013, 0.000, 0.000, 0.000, 0.000, 0.000, 0.000, 375.840, 0.000, 0.000, 0.000, 0.000, 0.000, 802.111, 0.000, 0.000, 0.000, 0.000, 0.000, 416.563, 0.000, 0.000, 0.000, 0.000, 0.000, 263.332, 0.000, 0.000, 0.000, 0.000, 374.671, 0.012
9.725, 0.014, 0.000, 0.000, 0.000, 0.000, 0.000, 0.000, 367.602, 0.000, 0.000, 0.000, 0.000, 0.000, 806.150, 0.000, 0.000, 0.000, 0.000, 0.000, 415.946, 0.000, 0.000, 0.000, 0.000, 0.000, 254.189, 0.000, 0.000, 0.000, 0.000, 375.645, 0.027
9.751, 0.014, 0.000, 0.000, 0.000, 0.000, 0.000, 0.000, 375.470, 0.000, 0.000, 0.000, 0.000, 0.000, 805.777, 0.000, 0.000, 0.000, 0.000, 0.000, 414.787, 0.000, 0.000, 0.000, 0.000, 0.000, 259.891, 0.000, 0.000, 0.000, 0.000, 373.327, 0.012
